,1,2,3,4,5,6,7,8,9,10,11,12,13,14,15,16,17,18,19,20,21,22,23,24,25,26,27,28,29,30,31,32,33,34,35,36,37,38,39,40,41,42,43,44,45,46,47,48,49,50,51,52,53,54,55,56,57,58,59,60,61,62,63,64,65,66,67,68
1,0.0,0.06359761738762708,0.050745700896868404,0.09580475304146871,0.14795207969063934,0.1371615605808165,0.13716156058081644,0.12003816387716185,0.11495660073212469,0.15831235817376574,0.14795207969063945,0.18914470026682603,0.16026478685934253,0.10227007928786079,0.16043676440685253,0.16043676440685242,0.17936692365959672,0.1584563765266737,0.16043676440685242,0.1331055275600009,0.16043676440685292,0.15845637652667352,0.16043676440685264,0.11091362224830124,0.15003328960900425,0.14943941550136738,0.1657824269709991,0.12336768961405398,0.13686294400566887,0.1274723332711926,0.1353526141416422,0.09452426395846401,0.039843020152561144,0.004963684631501115,0.11091362224830154,0.12747233327119262,0.0,0.050745700896867474,0.0635976173876274,0.1584563765266744,0.11495660073212464,0.004963684631501083,0.12003816387716267,0.15003328960900422,0.12336768961405355,0.1604367644068528,0.16043676440685284,0.09452426395846344,0.1584563765266745,0.13716156058081638,0.039843020152561054,0.1793669236595981,0.14795207969063978,0.1331055275600012,0.13716156058081647,0.13686294400566845,0.14943941550136652,0.15831235817376552,0.09580475304146926,0.10227007928786211,0.16043676440685245,0.1602647868593433,0.14795207969063984,0.16043676440685245,0.13535261414164199,0.16043676440685253,0.1891447002668265,0.1657824269709987
2,0.06359761738762708,0.0,0.015347415014818365,0.04086758927510036,0.10742783136630546,0.09085310929211793,0.09085310929211828,0.07343975170382964,0.06984549216299579,0.12494886914774536,0.10742783136630545,0.16815325401608508,0.12736886059540994,0.05253178305375068,0.12707366362277178,0.1270736636227716,0.14647961850907604,0.12544536901302983,0.12707366362277167,0.09225703418676114,0.12707366362277236,0.12544536901302897,0.1270736636227716,0.05971425909963571,0.1093027328113481,0.10869374082231241,0.13257637461604965,0.07671356866851459,0.09588050085493896,0.08086100587864331,0.0943104862550314,0.039457282853432654,0.03161777002506623,0.062073002723098375,0.05971425909963588,0.08086100587864348,0.06359761738762716,0.015347415014818434,0.0,0.12544536901302905,0.06984549216299415,0.06207300272309789,0.07343975170383028,0.10930273281134802,0.07671356866851389,0.12707366362277223,0.12707366362277236,0.039457282853432474,0.12544536901302894,0.0908531092921181,0.03161777002506595,0.146479618509077,0.10742783136630649,0.09225703418676087,0.0908531092921185,0.09588050085493788,0.10869374082231177,0.124948869147745,0.04086758927510149,0.052531783053750385,0.12707366362277192,0.12736886059541097,0.10742783136630646,0.1270736636227717,0.09431048625503104,0.127073663622772,0.1681532540160847,0.13257637461604982
3,0.050745700896868404,0.015347415014818365,0.0,0.05480135501440636,0.11851299887823563,0.10289970069206592,0.10289970069206608,0.08591331354467818,0.07988921553630404,0.13431835936498213,0.11851299887823556,0.1755987887471578,0.13725463413784714,0.06403388629707217,0.13644258537863505,0.13644258537863496,0.1559802825801211,0.13536349056602243,0.13644258537863468,0.10328997342467235,0.13644258537863546,0.1353634905660224,0.13644258537863502,0.07232611838902551,0.12002425341556416,0.11941973270399146,0.14190651763225412,0.08850440267489158,0.10667324307773338,0.09263597150454751,0.10511921417894461,0.05273039287538439,0.0206904312508094,0.050504839875283335,0.07232611838902554,0.09263597150454739,0.050745700896867495,0.0,0.015347415014817822,0.13536349056602132,0.0798892155363041,0.05050483987528351,0.08591331354467843,0.12002425341556418,0.08850440267489042,0.13644258537863485,0.13644258537863516,0.052730392875383975,0.13536349056602176,0.10289970069206576,0.020690431250809094,0.1559802825801215,0.11851299887823583,0.10328997342467314,0.10289970069206583,0.10667324307773392,0.11941973270399066,0.13431835936498174,0.05480135501440817,0.06403388629707371,0.1364425853786348,0.1372546341378477,0.11851299887823606,0.13644258537863502,0.10511921417894421,0.13644258537863455,0.1755987887471582,0.14190651763225426
4,0.09580475304146871,0.04086758927510036,0.05480135501440636,0.0,0.07590493858924853,0.0555185950716325,0.05551859507163229,0.03817778411299123,0.036410198259812405,0.09847141672127982,0.07590493858924843,0.1496991211376942,0.10084665193371462,0.01737601339097153,0.1005967377321757,0.10059673773217558,0.12045313098933469,0.09882027263528545,0.10059673773217562,0.06098406805962777,0.10059673773217635,0.09882027263528562,0.1005967377321757,0.02133881808643313,0.07795524355822342,0.0773301904926027,0.10630047531265234,0.04131319232782167,0.06427424805352548,0.04550656702220921,0.06262911496889653,0.004109598758096229,0.06796495146404882,0.09404885184869544,0.021338818086433377,0.04550656702220933,0.0958047530414684,0.05480135501440813,0.04086758927510102,0.09882027263528544,0.036410198259812544,0.09404885184869517,0.0381777841129921,0.07795524355822318,0.04131319232782119,0.100596737732176,0.10059673773217603,0.004109598758096622,0.0988202726352856,0.055518595071632884,0.06796495146404874,0.12045313098933534,0.0759049385892494,0.0609840680596271,0.0555185950716331,0.06427424805352504,0.07733019049260195,0.09847141672127993,0.0,0.017376013390972608,0.10059673773217553,0.10084665193371588,0.07590493858924936,0.10059673773217569,0.06262911496889631,0.10059673773217566,0.14969912113769496,0.10630047531265213
5,0.14795207969063934,0.10742783136630546,0.11851299887823563,0.07590493858924853,0.0,0.028027138458459385,0.028027138458459167,0.041817061167677035,0.04767405355100962,0.036499029010709075,0.0,0.09737675359787162,0.03827039153470401,0.06645712490227366,0.03597128227755983,0.03597128227755898,0.05477650663452167,0.03709255792385334,0.03597128227755977,0.016403440329955044,0.035971282277560586,0.037092557923853436,0.03597128227755932,0.05927330228265802,0.003809959048914788,0.003197467053619961,0.04004519157753208,0.03984832964612615,0.013086773847327173,0.03612414752751673,0.014799051225729975,0.07805212055312266,0.12536478570208123,0.1444582319214767,0.05927330228265698,0.03612414752751659,0.1479520796906392,0.11851299887823584,0.10742783136630626,0.037092557923853076,0.0476740535510098,0.14445823192147672,0.041817061167675765,0.0038099590489144826,0.03984832964612642,0.03597128227756072,0.03597128227756083,0.07805212055312259,0.03709255792385327,0.028027138458460207,0.1253647857020809,0.054776506634523,0.0,0.016403440329954375,0.028027138458459878,0.013086773847327579,0.003197467053620513,0.036499029010708915,0.07590493858924773,0.06645712490227294,0.03597128227756036,0.03827039153470438,0.0,0.03597128227756021,0.01479905122573029,0.035971282277560544,0.09737675359787272,0.04004519157753185
6,0.1371615605808165,0.09085310929211793,0.10289970069206592,0.0555185950716325,0.028027138458459385,0.0,0.0,0.017639547055197276,0.023631799018840348,0.06091118708107913,0.028027138458459274,0.11273580183887766,0.06233798623443019,0.04451981709448256,0.06011257494750871,0.06011257494750887,0.07495318542130155,0.06149082937030412,0.060112574947508726,0.03348562485182109,0.060112574947509205,0.06149082937030381,0.06011257494750872,0.036967604591965436,0.03126343230586672,0.03078960400259839,0.06280019793988482,0.015498398685079715,0.03239009368115982,0.011601403870712053,0.03253675811925073,0.0576648364811538,0.1112404253627449,0.13340505623119894,0.03696760459196496,0.011601403870712162,0.13716156058081608,0.10289970069206653,0.09085310929211815,0.06149082937030381,0.02363179901884084,0.1334050562311994,0.017639547055196842,0.03126343230586664,0.015498398685080093,0.060112574947509156,0.06011257494750932,0.057664836481154114,0.061490829370304055,0.0,0.11124042536274492,0.07495318542130168,0.028027138458458344,0.03348562485182125,0.0,0.03239009368115974,0.030789604002597823,0.0609111870810794,0.055518595071631094,0.04451981709448217,0.060112574947508775,0.062337986234430265,0.028027138458458768,0.06011257494750875,0.0325367581192506,0.060112574947509156,0.11273580183887746,0.06280019793988487
7,0.13716156058081644,0.09085310929211828,0.10289970069206608,0.05551859507163229,0.028027138458459167,0.0,0.0,0.017639547055197557,0.023631799018840317,0.06091118708107908,0.028027138458458885,0.1127358018388775,0.06233798623443023,0.04451981709448284,0.0601125749475087,0.060112574947508886,0.07495318542130175,0.06149082937030415,0.060112574947508726,0.03348562485182162,0.06011257494750919,0.06149082937030378,0.06011257494750872,0.036967604591965665,0.031263432305866215,0.030789604002598274,0.06280019793988487,0.015498398685080043,0.03239009368115992,0.011601403870711713,0.03253675811925068,0.05766483648115368,0.11124042536274482,0.13340505623119897,0.03696760459196509,0.01160140387071175,0.13716156058081605,0.10289970069206657,0.09085310929211815,0.06149082937030379,0.023631799018840702,0.1334050562311995,0.017639547055197796,0.03126343230586636,0.01549839868508047,0.06011257494750906,0.06011257494750941,0.05766483648115396,0.061490829370304,0.0,0.11124042536274499,0.07495318542130187,0.028027138458458545,0.03348562485182108,0.0,0.032390093681159804,0.030789604002597882,0.06091118708107935,0.055518595071631545,0.044519817094482314,0.06011257494750874,0.06233798623443023,0.0280271384584587,0.060112574947508664,0.03253675811925037,0.0601125749475089,0.11273580183887726,0.06280019793988491
8,0.12003816387716185,0.07343975170382964,0.08591331354467818,0.03817778411299123,0.041817061167677035,0.017639547055197276,0.017639547055197557,0.0,0.006462727903357291,0.06921691487388085,0.04181706116767704,0.12849165958977296,0.07179181922685211,0.026918621799241135,0.0713437421027187,0.07134374210271865,0.09188685449489746,0.069643837691438,0.07134374210271853,0.026275225059581596,0.07134374210271911,0.06964383769143791,0.07134374210271877,0.0248057737813,0.04400657629618372,0.04335648097392876,0.07731471250144915,0.0033359073893074547,0.02993319799645557,0.007494610924219927,0.02821148176625497,0.04227508569773265,0.0969010158967546,0.11846561309549676,0.024805773781298966,0.007494610924219575,0.12003816387716139,0.08591331354467849,0.0734397517038296,0.069643837691438,0.006462727903356986,0.11846561309549725,0.0,0.04400657629618368,0.003335907389307126,0.07134374210271897,0.07134374210271899,0.04227508569773294,0.06964383769143821,0.017639547055198032,0.09690101589675479,0.09188685449489835,0.041817061167678506,0.02627522505958148,0.017639547055198053,0.029933197996455097,0.043356480973927594,0.06921691487388092,0.03817778411299101,0.026918621799240747,0.07134374210271835,0.07179181922685318,0.041817061167678374,0.0713437421027185,0.02821148176625439,0.07134374210271856,0.1284916595897732,0.077314712501449
9,0.11495660073212469,0.06984549216299579,0.07988921553630404,0.036410198259812405,0.04767405355100962,0.023631799018840348,0.023631799018840317,0.006462727903357291,0.0,0.0742341820172085,0.04767405355100939,0.133188613024432,0.07764374446691788,0.021573986863119253,0.07635996769085508,0.07635996769085475,0.09715218537305764,0.07559018283836388,0.07635996769085494,0.03200062488996018,0.07635996769085557,0.075590182838364,0.07635996769085486,0.023372751449952926,0.049354058304859914,0.04870467779769977,0.08229363242819074,0.008790340078865297,0.03531876070190241,0.013052624799424735,0.03361517094085345,0.038745065407674216,0.09288179070132305,0.11388857205062099,0.023372751449952343,0.013052624799424735,0.11495660073212381,0.07988921553630456,0.0698454921629942,0.07559018283836343,0.0,0.11388857205062078,0.006462727903357817,0.04935405830486024,0.008790340078865658,0.07635996769085543,0.07635996769085543,0.03874506540767432,0.07559018283836372,0.023631799018841094,0.09288179070132355,0.09715218537305828,0.04767405355100988,0.03200062488996039,0.023631799018840757,0.03531876070190153,0.04870467779769899,0.07423418201720818,0.03641019825981218,0.02157398686311843,0.07635996769085503,0.07764374446691848,0.04767405355101013,0.07635996769085504,0.033615170940853326,0.07635996769085508,0.13318861302443252,0.08229363242819084
10,0.15831235817376574,0.12494886914774536,0.13431835936498213,0.09847141672127982,0.036499029010709075,0.06091118708107913,0.06091118708107908,0.06921691487388085,0.0742341820172085,0.0,0.03649902901070921,0.0746721231060702,0.004918760777237902,0.0908017709921587,0.0020977116132792624,0.002097711613279271,0.025132998458638065,0.0026966442631322896,0.0020977116132783425,0.04679558193959123,0.002097711613279504,0.002696644263132599,0.0020977116132796106,0.08378146924722055,0.033493497714143484,0.03402479850740659,0.008728997254824924,0.06643858756545895,0.04279021665018884,0.06387865411324341,0.04437738732981868,0.09934627952502557,0.13864090723635525,0.15358617046004353,0.08378146924722003,0.0638786541132436,0.15831235817376535,0.13431835936498182,0.12494886914774474,0.0026966442631321157,0.07423418201720748,0.1535861704600442,0.06921691487387982,0.03349349771414344,0.06643858756545859,0.002097711613279567,0.0020977116132795295,0.09934627952502575,0.0026966442631325333,0.06091118708107889,0.13864090723635453,0.02513299845863729,0.036499029010708346,0.04679558193959094,0.06091118708107897,0.042790216650189186,0.03402479850740707,0.0,0.09847141672127917,0.09080177099215772,0.002097711613279333,0.004918760777237688,0.03649902901070817,0.0020977116132793465,0.04437738732981926,0.00209771161327955,0.07467212310607016,0.008728997254825135
11,0.14795207969063945,0.10742783136630545,0.11851299887823556,0.07590493858924843,0.0,0.028027138458459274,0.028027138458458885,0.04181706116767704,0.04767405355100939,0.03649902901070921,0.0,0.0973767535978717,0.03827039153470411,0.06645712490227354,0.03597128227755977,0.03597128227755907,0.054776506634521785,0.03709255792385355,0.035971282277559656,0.016403440329955502,0.035971282277560614,0.03709255792385357,0.03597128227755953,0.0592733022826579,0.003809959048915366,0.0031974670536199525,0.04004519157753224,0.039848329646126064,0.013086773847327366,0.0361241475275167,0.014799051225730178,0.07805212055312262,0.12536478570208112,0.14445823192147653,0.05927330228265691,0.03612414752751645,0.1479520796906394,0.11851299887823565,0.10742783136630621,0.037092557923853554,0.04767405355100947,0.14445823192147675,0.041817061167675806,0.0038099590489146635,0.03984832964612633,0.035971282277560794,0.035971282277561197,0.07805212055312251,0.037092557923853374,0.028027138458460218,0.12536478570208087,0.05477650663452313,0.0,0.016403440329955107,0.028027138458459864,0.013086773847327957,0.0031974670536206217,0.03649902901070908,0.07590493858924789,0.06645712490227286,0.03597128227756036,0.03827039153470446,0.0,0.03597128227756059,0.014799051225729786,0.0359712822775606,0.0973767535978728,0.040045191577532176
12,0.18914470026682603,0.16815325401608508,0.1755987887471578,0.1496991211376942,0.09737675359787162,0.11273580183887766,0.1127358018388775,0.12849165958977296,0.133188613024432,0.0746721231060702,0.0973767535978717,0.0,0.07105996271471554,0.14518863999517484,0.07321801375853867,0.07321801375853892,0.054649389601334725,0.07309244168151013,0.07321801375853886,0.11155599631639639,0.07321801375853826,0.0730924416815099,0.07321801375853872,0.13885713655393492,0.09743904433353051,0.09802815598833237,0.0678440391126066,0.12656506165725445,0.10899409293939201,0.12326632724512693,0.11024485538769042,0.15119011321843265,0.17712607635687327,0.1859674199481136,0.13885713655393425,0.12326632724512682,0.189144700266825,0.17559878874715834,0.16815325401608497,0.07309244168150934,0.13318861302443216,0.18596741994811336,0.1284916595897729,0.09743904433353047,0.1265650616572545,0.0732180137585383,0.07321801375853815,0.15119011321843312,0.07309244168150958,0.1127358018388776,0.17712607635687314,0.054649389601335085,0.09737675359787094,0.11155599631639612,0.1127358018388777,0.10899409293939248,0.09802815598833318,0.07467212310606995,0.1496991211376942,0.14518863999517403,0.0732180137585387,0.0710599627147146,0.09737675359787115,0.07321801375853877,0.11024485538769101,0.07321801375853845,0.0,0.06784403911260664
13,0.16026478685934253,0.12736886059540994,0.13725463413784714,0.10084665193371462,0.03827039153470401,0.06233798623443019,0.06233798623443023,0.07179181922685211,0.07764374446691788,0.004918760777237902,0.03827039153470411,0.07105996271471554,0.0,0.09357082336099187,0.004721835873587737,0.00472183587358821,0.021680478562105122,0.002262555365960403,0.004721835873588377,0.04985342528675083,0.004721835873588226,0.0022625553659603066,0.00472183587358786,0.08812495238059212,0.036426421628349324,0.03714661798539887,0.005928118415031972,0.07104422518934618,0.04741753427454658,0.06816205688406923,0.04891521332949336,0.10358439883998216,0.14289425813430287,0.15781385789299215,0.08812495238059116,0.06816205688406912,0.16026478685934226,0.1372546341378479,0.1273688605954112,0.0022625553659598964,0.07764374446691785,0.15781385789299215,0.07179181922685182,0.03642642162834913,0.07104422518934667,0.0047218358735884695,0.004721835873588218,0.10358439883998201,0.0022625553659596227,0.06233798623442976,0.14289425813430323,0.021680478562106288,0.03827039153470402,0.049853425286750304,0.06233798623442999,0.04741753427454689,0.037146617985399276,0.004918760777237654,0.10084665193371452,0.0935708233609916,0.004721835873587975,0.0,0.03827039153470415,0.004721835873587985,0.04891521332949322,0.004721835873588497,0.07105996271471617,0.0059281184150324
14,0.10227007928786079,0.05253178305375068,0.06403388629707217,0.01737601339097153,0.06645712490227366,0.04451981709448256,0.04451981709448284,0.026918621799241135,0.021573986863119253,0.0908017709921587,0.06645712490227354,0.14518863999517484,0.09357082336099187,0.0,0.09292674408346455,0.0929267440834644,0.11313314886254457,0.09155750158747206,0.09292674408346434,0.05057236825351603,0.09292674408346491,0.09155750158747206,0.09292674408346455,0.008815133101261793,0.06838564332042768,0.06775029600187488,0.09869984709069052,0.03007162288148467,0.05457451360426764,0.03429503233477602,0.0529180028665518,0.019706003835992355,0.07832870233855106,0.10166191520230546,0.008815133101261783,0.034295032334776085,0.10227007928786053,0.06403388629707371,0.05253178305375059,0.09155750158747172,0.021573986863118712,0.10166191520230618,0.026918621799242377,0.06838564332042772,0.03007162288148465,0.09292674408346459,0.0929267440834646,0.01970600383599291,0.09155750158747175,0.04451981709448293,0.07832870233855095,0.11313314886254515,0.06645712490227418,0.05057236825351632,0.04451981709448301,0.0545745136042668,0.0677502960018738,0.09080177099215855,0.01737601339097177,0.0,0.09292674408346403,0.09357082336099212,0.06645712490227419,0.09292674408346425,0.05291800286655209,0.09292674408346421,0.14518863999517526,0.0986998470906904
15,0.16043676440685253,0.12707366362277178,0.13644258537863505,0.1005967377321757,0.03597128227755983,0.06011257494750871,0.0601125749475087,0.0713437421027187,0.07635996769085508,0.0020977116132792624,0.03597128227755977,0.07321801375853867,0.004721835873587737,0.09292674408346455,0.0,0.0,0.023369483544528863,0.0030748734542046592,0.0,0.048924538892436135,0.0,0.0030748734542040287,0.0,0.08439935633867078,0.03224750404625068,0.03281169557908187,0.00652125815028037,0.06797577742447035,0.044967183360512177,0.06397946041814302,0.04659067107613666,0.10158176733464927,0.14020994653870855,0.15549535537436887,0.0843993563386703,0.063979460418143,0.1604367644068522,0.13644258537863543,0.12707366362277153,0.0030748734542032936,0.07635996769085485,0.15549535537436865,0.07134374210271757,0.03224750404625045,0.06797577742447128,0.0,0.0,0.10158176733464959,0.0030748734542042654,0.06011257494750832,0.14020994653870772,0.023369483544528884,0.035971282277559025,0.04892453889243575,0.06011257494750835,0.04496718336051259,0.032811695579082104,0.0020977116132798895,0.10059673773217515,0.0929267440834635,0.0,0.004721835873587277,0.03597128227755905,0.0,0.04659067107613618,0.0,0.07321801375853888,0.006521258150280227
16,0.16043676440685242,0.1270736636227716,0.13644258537863496,0.10059673773217558,0.03597128227755898,0.06011257494750887,0.060112574947508886,0.07134374210271865,0.07635996769085475,0.002097711613279271,0.03597128227755907,0.07321801375853892,0.00472183587358821,0.0929267440834644,0.0,0.0,0.023369483544528852,0.0030748734542038903,0.0,0.04892453889243584,0.0,0.0030748734542043643,0.0,0.08439935633867078,0.03224750404625061,0.03281169557908145,0.006521258150279552,0.0679757774244699,0.04496718336051148,0.06397946041814281,0.046590671076136896,0.10158176733464906,0.1402099465387085,0.15549535537436898,0.0843993563386699,0.06397946041814256,0.16043676440685214,0.13644258537863513,0.12707366362277125,0.003074873454203123,0.07635996769085443,0.15549535537436857,0.07134374210271746,0.03224750404625007,0.0679757774244708,0.0,0.0,0.10158176733464934,0.0030748734542042104,0.06011257494750824,0.14020994653870827,0.02336948354452901,0.03597128227755855,0.04892453889243572,0.06011257494750817,0.04496718336051233,0.03281169557908156,0.0020977116132799914,0.100596737732175,0.09292674408346317,0.0,0.004721835873587752,0.03597128227755839,0.0,0.04659067107613555,0.0,0.07321801375853883,0.006521258150280914
17,0.17936692365959672,0.14647961850907604,0.1559802825801211,0.12045313098933469,0.05477650663452167,0.07495318542130155,0.07495318542130175,0.09188685449489746,0.09715218537305764,0.025132998458638065,0.054776506634521785,0.054649389601334725,0.021680478562105122,0.11313314886254457,0.023369483544528863,0.023369483544528852,0.0,0.023965499522225406,0.023369483544528738,0.07018082735284803,0.02336948354452845,0.023965499522225285,0.02336948354452898,0.10563012845392335,0.053475098936626365,0.05414639275949287,0.016961576691134572,0.08939296809249772,0.06681567169009668,0.0856175566567477,0.06836701937404747,0.12201524396186109,0.16025574756166214,0.17523913636715366,0.10563012845392293,0.08561755665674743,0.1793669236595969,0.1559802825801218,0.14647961850907582,0.023965499522224484,0.09715218537305764,0.17523913636715385,0.09188685449489645,0.053475098936626934,0.0893929680924978,0.023369483544529054,0.023369483544528783,0.12201524396186138,0.02396549952222485,0.07495318542130007,0.16025574756166244,0.0,0.05477650663452085,0.07018082735284759,0.07495318542130008,0.0668156716900974,0.05414639275949391,0.025132998458637822,0.1204531309893337,0.1131331488625443,0.023369483544529116,0.02168047856210438,0.054776506634520904,0.02336948354452856,0.06836701937404797,0.023369483544528634,0.054649389601334565,0.016961576691134107
18,0.1584563765266737,0.12544536901302983,0.13536349056602243,0.09882027263528545,0.03709255792385334,0.06149082937030412,0.06149082937030415,0.069643837691438,0.07559018283836388,0.0026966442631322896,0.03709255792385355,0.07309244168151013,0.002262555365960403,0.09155750158747206,0.0030748734542046592,0.0030748734542038903,0.023965499522225406,0.0,0.003074873454204931,0.047662910378038915,0.003074873454205007,0.0,0.0030748734542050088,0.08631100013846836,0.035250963517904556,0.03587012446623171,0.008255652660937016,0.06910576254142906,0.045301461288040246,0.06637184124219003,0.046789486597134756,0.10167706596338856,0.14114360807903242,0.15607028154003125,0.08631100013846782,0.0663718412421896,0.15845637652667344,0.13536349056602226,0.1254453690130294,0.0,0.07559018283836363,0.15607028154003103,0.06964383769143724,0.03525096351790439,0.06910576254142933,0.0030748734542044753,0.0030748734542044957,0.10167706596338859,0.0,0.061490829370304215,0.1411436080790324,0.02396549952222586,0.03709255792385319,0.04766291037804057,0.06149082937030426,0.045301461288040565,0.03587012446623265,0.00269664426313237,0.09882027263528462,0.091557501587471,0.003074873454204688,0.0022625553659600854,0.03709255792385271,0.0030748734542046137,0.046789486597135166,0.003074873454204075,0.07309244168151084,0.008255652660937356
19,0.16043676440685242,0.12707366362277167,0.13644258537863468,0.10059673773217562,0.03597128227755977,0.060112574947508726,0.060112574947508726,0.07134374210271853,0.07635996769085494,0.0020977116132783425,0.035971282277559656,0.07321801375853886,0.004721835873588377,0.09292674408346434,0.0,0.0,0.023369483544528738,0.003074873454204931,0.0,0.048924538892435934,0.0,0.0030748734542036136,0.0,0.08439935633867067,0.032247504046250576,0.03281169557908143,0.006521258150280474,0.06797577742447042,0.044967183360512045,0.06397946041814277,0.04659067107613621,0.1015817673346489,0.1402099465387084,0.15549535537436865,0.08439935633867007,0.06397946041814274,0.16043676440685228,0.13644258537863466,0.12707366362277148,0.0030748734542035984,0.0763599676908546,0.15549535537436884,0.07134374210271748,0.03224750404625027,0.06797577742447135,0.0,0.0,0.1015817673346494,0.0030748734542042945,0.06011257494750837,0.14020994653870766,0.02336948354452882,0.03597128227755881,0.0489245388924356,0.0601125749475083,0.04496718336051241,0.032811695579081965,0.0020977116132792437,0.10059673773217485,0.09292674408346331,0.0,0.004721835873587254,0.035971282277558775,0.0,0.04659067107613643,0.0,0.07321801375853904,0.006521258150280456
20,0.1331055275600009,0.09225703418676114,0.10328997342467235,0.06098406805962777,0.016403440329955044,0.03348562485182109,0.03348562485182162,0.026275225059581596,0.03200062488996018,0.04679558193959123,0.016403440329955502,0.11155599631639639,0.04985342528675083,0.05057236825351603,0.048924538892436135,0.04892453889243584,0.07018082735284803,0.047662910378038915,0.048924538892435934,0.0,0.048924538892436774,0.047662910378038346,0.048924538892436205,0.048808462679588945,0.018548311339201016,0.017876429440379298,0.05513907902770843,0.02835458180564784,0.004136950065681642,0.028643783985050218,0.0023428823347167995,0.06477507902688832,0.11328330324970812,0.13179096857586495,0.04880846267958797,0.028643783985049746,0.13310552756000013,0.1032899734246726,0.09225703418676238,0.047662910378039075,0.032000624889960624,0.13179096857586522,0.026275225059581513,0.018548311339200443,0.028354581805647493,0.04892453889243648,0.048924538892436704,0.06477507902688887,0.047662910378039075,0.03348562485182141,0.11328330324970802,0.07018082735284921,0.01640344032995556,0.0,0.033485624851821785,0.004136950065681908,0.01787642944037893,0.04679558193959085,0.06098406805962747,0.050572368253515555,0.04892453889243604,0.049853425286751234,0.01640344032995555,0.04892453889243601,0.002342882334715534,0.04892453889243627,0.11155599631639652,0.05513907902770817
21,0.16043676440685292,0.12707366362277236,0.13644258537863546,0.10059673773217635,0.035971282277560586,0.060112574947509205,0.06011257494750919,0.07134374210271911,0.07635996769085557,0.002097711613279504,0.035971282277560614,0.07321801375853826,0.004721835873588226,0.09292674408346491,0.0,0.0,0.02336948354452845,0.003074873454205007,0.0,0.048924538892436774,0.0,0.003074873454204111,0.0,0.08439935633867063,0.03224750404625134,0.032811695579082395,0.006521258150280488,0.06797577742447115,0.04496718336051245,0.06397946041814351,0.04659067107613715,0.10158176733464963,0.14020994653870938,0.15549535537436904,0.08439935633867066,0.06397946041814359,0.16043676440685276,0.13644258537863507,0.12707366362277214,0.003074873454203394,0.07635996769085555,0.15549535537436956,0.07134374210271809,0.03224750404625092,0.06797577742447199,0.0,0.0,0.1015817673346501,0.003074873454204394,0.06011257494750912,0.14020994653870866,0.023369483544529147,0.035971282277559496,0.04892453889243643,0.060112574947509,0.04496718336051291,0.0328116955790825,0.0020977116132795894,0.10059673773217542,0.09292674408346378,0.0,0.004721835873588234,0.03597128227755924,0.0,0.04659067107613677,0.0,0.07321801375853833,0.006521258150280236
22,0.15845637652667352,0.12544536901302897,0.1353634905660224,0.09882027263528562,0.037092557923853436,0.06149082937030381,0.06149082937030378,0.06964383769143791,0.075590182838364,0.002696644263132599,0.03709255792385357,0.0730924416815099,0.0022625553659603066,0.09155750158747206,0.0030748734542040287,0.0030748734542043643,0.023965499522225285,0.0,0.0030748734542036136,0.047662910378038346,0.003074873454204111,0.0,0.0030748734542039484,0.08631100013846849,0.03525096351790446,0.03587012446623163,0.008255652660937507,0.06910576254142888,0.04530146128803996,0.06637184124219007,0.04678948659713466,0.1016770659633885,0.1411436080790329,0.15607028154003127,0.08631100013846789,0.0663718412421895,0.1584563765266732,0.13536349056602226,0.1254453690130293,0.0,0.07559018283836375,0.15607028154003072,0.06964383769143681,0.03525096351790425,0.06910576254142928,0.0030748734542041497,0.0030748734542048583,0.10167706596338867,0.0,0.06149082937030462,0.1411436080790325,0.02396549952222606,0.037092557923853235,0.04766291037803956,0.06149082937030457,0.045301461288040586,0.03587012446623248,0.002696644263132654,0.09882027263528465,0.09155750158747102,0.003074873454203646,0.0022625553659599545,0.03709255792385322,0.0030748734542038,0.04678948659713497,0.0030748734542036917,0.07309244168151079,0.008255652660937375
23,0.16043676440685264,0.1270736636227716,0.13644258537863502,0.1005967377321757,0.03597128227755932,0.06011257494750872,0.06011257494750872,0.07134374210271877,0.07635996769085486,0.0020977116132796106,0.03597128227755953,0.07321801375853872,0.00472183587358786,0.09292674408346455,0.0,0.0,0.02336948354452898,0.0030748734542050088,0.0,0.048924538892436205,0.0,0.0030748734542039484,0.0,0.0843993563386711,0.032247504046250736,0.03281169557908171,0.006521258150280507,0.06797577742447007,0.04496718336051133,0.06397946041814304,0.046590671076136576,0.10158176733464934,0.1402099465387078,0.15549535537436937,0.08439935633867021,0.06397946041814274,0.1604367644068522,0.136442585378635,0.12707366362277137,0.003074873454203454,0.07635996769085468,0.15549535537436865,0.07134374210271759,0.03224750404625044,0.06797577742447052,0.0,0.0,0.10158176733464948,0.003074873454204037,0.060112574947508345,0.14020994653870775,0.02336948354452869,0.03597128227755908,0.048924538892435816,0.06011257494750843,0.04496718336051288,0.032811695579082076,0.0020977116132799723,0.10059673773217505,0.09292674408346334,0.0,0.004721835873587471,0.035971282277558615,0.0,0.04659067107613591,0.0,0.07321801375853877,0.006521258150280901
24,0.11091362224830124,0.05971425909963571,0.07232611838902551,0.02133881808643313,0.05927330228265802,0.036967604591965436,0.036967604591965665,0.0248057737813,0.023372751449952926,0.08378146924722055,0.0592733022826579,0.13885713655393492,0.08812495238059212,0.008815133101261793,0.08439935633867078,0.08439935633867078,0.10563012845392335,0.08631100013846836,0.08439935633867067,0.048808462679588945,0.08439935633867063,0.08631100013846849,0.0843993563386711,0.0,0.059752402678576594,0.05907505967270715,0.09022757812921693,0.02241067777932193,0.04898447111892643,0.025423786382663835,0.0479341235782869,0.02275469043645766,0.08112185383732178,0.10587576207472163,0.0,0.025423786382663738,0.11091362224830088,0.07232611838902549,0.059714259099635764,0.08631100013846796,0.023372751449952208,0.10587576207472232,0.02480577378130051,0.05975240267857647,0.022410677779321167,0.08439935633867099,0.08439935633867111,0.022754690436457524,0.08631100013846803,0.03696760459196506,0.08112185383732153,0.10563012845392317,0.059273302282657786,0.04880846267958777,0.03696760459196503,0.0489844711189256,0.05907505967270655,0.08378146924722069,0.021338818086432277,0.008815133101262107,0.08439935633867057,0.08812495238059181,0.05927330228265781,0.0843993563386705,0.04793412357828668,0.08439935633867071,0.13885713655393522,0.09022757812921663
25,0.15003328960900425,0.1093027328113481,0.12002425341556416,0.07795524355822342,0.003809959048914788,0.03126343230586672,0.031263432305866215,0.04400657629618372,0.049354058304859914,0.033493497714143484,0.003809959048915366,0.09743904433353051,0.036426421628349324,0.06838564332042768,0.03224750404625068,0.03224750404625061,0.053475098936626365,0.035250963517904556,0.032247504046250576,0.018548311339201016,0.03224750404625134,0.03525096351790446,0.032247504046250736,0.059752402678576594,0.0,0.0006884672544291823,0.03736110855606487,0.04063972685790025,0.014383332028931453,0.0366179733185761,0.016146581193961736,0.0791632163546717,0.12583968441512897,0.14501589227730605,0.05975240267857584,0.036617973318575824,0.15003328960900383,0.12002425341556483,0.10930273281134786,0.03525096351790435,0.049354058304860136,0.14501589227730569,0.04400657629618287,0.0,0.04063972685790057,0.032247504046251305,0.032247504046251436,0.07916321635467294,0.03525096351790437,0.031263432305867124,0.12583968441512833,0.0534750989366266,0.0038099590489139882,0.018548311339199965,0.03126343230586645,0.014383332028932631,0.0006884672544316485,0.033493497714143984,0.07795524355822248,0.06838564332042668,0.03224750404625074,0.03642642162834968,0.0038099590489134466,0.03224750404625088,0.016146581193962114,0.03224750404625101,0.09743904433353069,0.03736110855606544
26,0.14943941550136738,0.10869374082231241,0.11941973270399146,0.0773301904926027,0.003197467053619961,0.03078960400259839,0.030789604002598274,0.04335648097392876,0.04870467779769977,0.03402479850740659,0.0031974670536199525,0.09802815598833237,0.03714661798539887,0.06775029600187488,0.03281169557908187,0.03281169557908145,0.05414639275949287,0.03587012446623171,0.03281169557908143,0.017876429440379298,0.032811695579082395,0.03587012446623163,0.03281169557908171,0.05907505967270715,0.0006884672544291823,0.0,0.037982444801650854,0.039994023526046606,0.013707316200841448,0.03590900858694271,0.01547003404990847,0.07853855794364663,0.12524215814681816,0.1444459203363058,0.05907505967270698,0.03590900858694242,0.14943941550136697,0.11941973270399203,0.10869374082231205,0.03587012446623132,0.04870467779769973,0.14444592033630543,0.04335648097392744,0.000688467254430109,0.03999402352604668,0.03281169557908199,0.0328116955790823,0.0785385579436467,0.035870124466231515,0.03078960400259866,0.12524215814681822,0.05414639275949302,0.003197467053619536,0.017876429440379444,0.03078960400259831,0.013707316200841877,0.0,0.03402479850740695,0.07733019049260183,0.06775029600187389,0.03281169557908136,0.037146617985399234,0.0031974670536196815,0.03281169557908154,0.015470034049908585,0.032811695579081694,0.098028155988333,0.03798244480165118
27,0.1657824269709991,0.13257637461604965,0.14190651763225412,0.10630047531265234,0.04004519157753208,0.06280019793988482,0.06280019793988487,0.07731471250144915,0.08229363242819074,0.008728997254824924,0.04004519157753224,0.0678440391126066,0.005928118415031972,0.09869984709069052,0.00652125815028037,0.006521258150279552,0.016961576691134572,0.008255652660937016,0.006521258150280474,0.05513907902770843,0.006521258150280488,0.008255652660937507,0.006521258150280507,0.09022757812921693,0.03736110855606487,0.037982444801650854,0.0,0.07399918094113535,0.05118670958493545,0.06986269238447494,0.052808870057017974,0.10728684251532526,0.14568315738875,0.16085847288705968,0.0902275781292167,0.0698626923844747,0.16578242697099863,0.14190651763225476,0.13257637461604968,0.008255652660936917,0.08229363242819028,0.16085847288705998,0.07731471250144809,0.03736110855606488,0.07399918094113632,0.006521258150281048,0.0065212581502807395,0.10728684251532583,0.008255652660937236,0.06280019793988537,0.14568315738874923,0.016961576691134673,0.040045191577530434,0.05513907902770807,0.06280019793988507,0.051186709584936096,0.0379824448016524,0.00872899725482453,0.10630047531265141,0.09869984709068946,0.006521258150280749,0.005928118415031786,0.040045191577530365,0.006521258150280694,0.052808870057017156,0.006521258150280618,0.06784403911260711,0.0
28,0.12336768961405398,0.07671356866851459,0.08850440267489158,0.04131319232782167,0.03984832964612615,0.015498398685079715,0.015498398685080043,0.0033359073893074547,0.008790340078865297,0.06643858756545895,0.039848329646126064,0.12656506165725445,0.07104422518934618,0.03007162288148467,0.06797577742447035,0.0679757774244699,0.08939296809249772,0.06910576254142906,0.06797577742447042,0.02835458180564784,0.06797577742447115,0.06910576254142888,0.06797577742447007,0.02241067777932193,0.04063972685790025,0.039994023526046606,0.07399918094113535,0.0,0.028459254921530758,0.004162866814665419,0.027391824197052314,0.042636298621649305,0.09606251331628655,0.11831731014835682,0.022410677779320206,0.0041628668146655575,0.12336768961405356,0.08850440267489139,0.07671356866851438,0.06910576254142864,0.008790340078864794,0.11831731014835714,0.003335907389307522,0.040639726857899315,0.0,0.06797577742447079,0.06797577742447089,0.04263629862164936,0.06910576254142858,0.015498398685079524,0.09606251331628642,0.08939296809249812,0.03984832964612613,0.02835458180564708,0.015498398685080154,0.028459254921530567,0.03999402352604533,0.0664385875654587,0.04131319232782053,0.0300716228814841,0.0679757774244703,0.07104422518934662,0.03984832964612613,0.06797577742447047,0.027391824197051412,0.06797577742447061,0.1265650616572546,0.07399918094113572
29,0.13686294400566887,0.09588050085493896,0.10667324307773338,0.06427424805352548,0.013086773847327173,0.03239009368115982,0.03239009368115992,0.02993319799645557,0.03531876070190241,0.04279021665018884,0.013086773847327366,0.10899409293939201,0.04741753427454658,0.05457451360426764,0.044967183360512177,0.04496718336051148,0.06681567169009668,0.045301461288040246,0.044967183360512045,0.004136950065681642,0.04496718336051245,0.04530146128803996,0.04496718336051133,0.04898447111892643,0.014383332028931453,0.013707316200841448,0.05118670958493545,0.028459254921530758,0.0,0.0280098459936314,0.0016260875313462595,0.06552627821985729,0.11378878345374821,0.13246764058676871,0.04898447111892499,0.028009845993630808,0.13686294400566848,0.10667324307773414,0.09588050085493909,0.045301461288039704,0.035318760701902346,0.132467640586768,0.0299331979964544,0.014383332028931495,0.028459254921530876,0.044967183360512836,0.04496718336051278,0.06552627821985696,0.045301461288039906,0.03239009368116006,0.11378878345374663,0.06681567169009711,0.013086773847327315,0.004136950065682514,0.032390093681160116,0.0,0.013707316200840768,0.04279021665018859,0.06427424805352405,0.054574513604266635,0.04496718336051225,0.04741753427454695,0.013086773847327298,0.0449671833605123,0.0016260875313464395,0.044967183360512364,0.1089940929393923,0.05118670958493539
30,0.1274723332711926,0.08086100587864331,0.09263597150454751,0.04550656702220921,0.03612414752751673,0.011601403870712053,0.011601403870711713,0.007494610924219927,0.013052624799424735,0.06387865411324341,0.0361241475275167,0.12326632724512693,0.06816205688406923,0.03429503233477602,0.06397946041814302,0.06397946041814281,0.0856175566567477,0.06637184124219003,0.06397946041814277,0.028643783985050218,0.06397946041814351,0.06637184124219007,0.06397946041814304,0.025423786382663835,0.0366179733185761,0.03590900858694271,0.06986269238447494,0.004162866814665419,0.0280098459936314,0.0,0.02739192200788996,0.04684776427778738,0.10015497662039015,0.12249162347668305,0.025423786382663488,0.0,0.12747233327119215,0.09263597150454767,0.08086100587864335,0.06637184124218969,0.013052624799424081,0.12249162347668316,0.007494610924219377,0.036617973318575685,0.004162866814664961,0.0639794604181435,0.06397946041814367,0.046847764277788084,0.06637184124218982,0.01160140387071223,0.10015497662039038,0.08561755665674779,0.03612414752751727,0.028643783985049992,0.011601403870712498,0.028009845993631065,0.03590900858694239,0.06387865411324455,0.04550656702220824,0.03429503233477523,0.06397946041814323,0.06816205688406947,0.03612414752751717,0.06397946041814279,0.027391922007888567,0.06397946041814344,0.12326632724512679,0.06986269238447472
