,1,2,3,4,5,6,7,8,9,10,11,12,13,14,15,16,17,18,19,20,21,22,23,24,25,26,27,28,29,30,31,32,33,34,35,36,37,38,39,40,41,42,43,44,45,46,47,48,49,50,51,52,53,54,55,56,57,58,59,60,61,62,63,64,65,66,67,68
1,0.0,0.14870111977510267,0.16246029436967138,0.22009154265992378,0.3221483781983505,0.2687969745436553,0.26879697588805934,0.29567919482027394,0.33730824675961235,0.39793654638479814,0.3221483787270028,0.4672642877057562,0.3919232862774272,0.29431110414532613,0.41750942373686706,0.41750942365985244,0.4084287703354114,0.39939413421153547,0.4175094232328287,0.36987183978223553,0.4175094236055844,0.3993941342115354,0.4175094236055844,0.2986698471659667,0.3334911657437024,0.33307212204880654,0.39927649486574507,0.30533862173321163,0.35349634166728644,0.3174446943565433,0.3601691027688229,0.2683939249784326,0.10784154331273665,0.09589725000566003,0.2986698467329404,0.317444694903025,0.0,0.16246029654507446,0.1487011122740693,0.39939413449183375,0.3373082437970553,0.09589727266394237,0.2956791928958398,0.3334911669512314,0.3053386212335835,0.4175094237674069,0.4175094235865545,0.2683939252726095,0.3993941344918327,0.26879697283946635,0.1078415523296473,0.40842876974150144,0.3221483788858049,0.36987184148908747,0.26879697318103685,0.35349634373669425,0.3330721220795995,0.3979365446967051,0.22009154224266156,0.29431110208512773,0.4175094235865545,0.3919232855442203,0.32214837740573926,0.41750942318649903,0.36016910272517066,0.4175094235865545,0.46726428836549183,0.3992764967282667
2,0.14870111977510267,0.0,0.11006860326901545,0.08477534084477714,0.2158957650871644,0.17437565581151418,0.17437565728516255,0.16582108987953142,0.24228626381121562,0.2792900902082956,0.21589576526511997,0.3553028562129241,0.2785172836931724,0.20120143982456412,0.3052229732749791,0.3052229730582187,0.2998244425060603,0.2880637248117632,0.30522297329021525,0.26980744800660206,0.30522297293271994,0.288063724811763,0.30522297293271994,0.20522531253888399,0.20717817866305435,0.20535329595783414,0.2885538480318949,0.20023373608951966,0.24266703454912877,0.21478839653370496,0.24877616591470503,0.19835789771186663,0.10728296998371775,0.17802455834183678,0.2052253119085691,0.21478839688913418,0.14870111692559151,0.11006861272554787,0.0,0.2880637251560469,0.24228626691405403,0.17802455903359604,0.16582108797492484,0.20717817818205497,0.20023373712909429,0.30522297389771386,0.3052229737360579,0.19835789683629268,0.2880637251560461,0.17437565543857014,0.10728297807307277,0.29982444199415875,0.21589576408022215,0.2698074494555061,0.1743756554258,0.24266703429533293,0.20535329644373682,0.27929010433763224,0.08477534481563886,0.20120144116999042,0.3052229737360579,0.27851728376524515,0.21589576361743773,0.30522297273415033,0.2487761662074521,0.3052229737360579,0.35530285639246423,0.2885538491286663
3,0.16246029436967138,0.11006860326901545,0.0,0.1274878884067572,0.22919141248898622,0.19821399460457353,0.19821399625975644,0.1893354497303696,0.18934949459989273,0.27360179759404,0.22919141234234458,0.3735827570391575,0.29963836557324824,0.14345905170523807,0.2945394637448079,0.29453946353490446,0.3515688224654936,0.30169700349082335,0.29453946288706634,0.22591043206351322,0.29453946317819485,0.30169700349082335,0.29453946317819485,0.1741709002551828,0.29246243891321955,0.28926489221151086,0.28543764887926526,0.16514310685405836,0.21729243012960484,0.19651842245621662,0.22398480681928457,0.11701031881657242,0.10209581525928638,0.2097086247062823,0.17417089913869901,0.1965184224586341,0.16246029139284204,0.0,0.11006860248732413,0.3016970031158158,0.18934949479777338,0.20970862449934494,0.18933544867945717,0.29246243895521973,0.16514310629428394,0.29453946454523,0.2945394642367087,0.11701031598495269,0.3016970031158144,0.19821399379397436,0.10209581631195831,0.3515688224451792,0.2291914117466698,0.22591043234928848,0.19821399289887098,0.21729243193537578,0.28926489243198106,0.273601808636523,0.12748789288587747,0.14345905159542796,0.2945394642367087,0.299638364633387,0.22919141236971186,0.29453946374459805,0.2239848073904836,0.2945394642367087,0.37358275717821654,0.2854376503603905
4,0.22009154265992378,0.08477534084477714,0.1274878884067572,0.0,0.1543655821436403,0.1295132075311658,0.12951320891888296,0.08557062759822795,0.1687039608064203,0.20117516595914153,0.15436558190515268,0.28883158649837826,0.21294005709316705,0.13146543542186667,0.23637423817250358,0.23637423810632427,0.264709138478176,0.22071648584157014,0.2363742382837247,0.19236713822056548,0.23637423835341817,0.22071648584157,0.23637423835341817,0.1473669012788238,0.17394630633326227,0.17010819081234882,0.22335047884030124,0.12691906227763927,0.16583689948488367,0.15276540590286256,0.17182575989465673,0.14382120337641063,0.16761411647744331,0.25611430572516497,0.147366902154495,0.15276540551745202,0.2200915393731118,0.127487888371016,0.08477534633158766,0.22071648579138428,0.16870396294402043,0.2561143057857315,0.08557062770897769,0.17394630677974618,0.12691906401070951,0.2363742391921238,0.23637423847026728,0.14382119590324005,0.22071648579138312,0.1295132057608937,0.16761411711317403,0.26470913810640384,0.15436557971857615,0.19236713684057286,0.1295132060298453,0.16583689766002727,0.1701081904327849,0.2011751842502678,0.0,0.13146543617735568,0.23637423847026728,0.21294005758042278,0.15436558103427825,0.2363742379220043,0.17182576194856247,0.23637423847026728,0.2888315869462222,0.22335047992202595
5,0.3221483781983505,0.2158957650871644,0.22919141248898622,0.1543655821436403,0.0,0.06372854486555515,0.06372854815774079,0.1034925271900775,0.16689212598254383,0.1293208975682815,0.0,0.1633682292100717,0.08168102815561949,0.16287554175252364,0.1257478671588666,0.125747866918321,0.17201906493108454,0.08885220140529296,0.12574786669908178,0.15813074335038377,0.1257478668500665,0.08885220140529204,0.1257478668500665,0.1276562376698206,0.15268228586574054,0.14787507131266558,0.09947937617719829,0.10650367762088962,0.10678248947131025,0.09070004140380605,0.11726496488437245,0.19515443564974924,0.25024083990371815,0.33636263183668563,0.12765623671858292,0.09070004379167931,0.32214837723481166,0.22919141357475875,0.21589576568730626,0.08885220279668485,0.16689212833414754,0.336362632146392,0.10349252334110606,0.15268228665886321,0.10650368130115632,0.12574786772704585,0.12574786721680942,0.19515443462377044,0.08885220279667229,0.06372854754129292,0.2502408386282368,0.17201906433186617,0.0,0.15813074379431938,0.06372854441673256,0.10678248771196175,0.14787507132080152,0.12932094039530453,0.1543655833196304,0.16287554220449585,0.12574786721680942,0.08168102386095934,0.0,0.1257478667539148,0.11726496519094652,0.12574786721680992,0.16336822808326673,0.09947937881744431
6,0.2687969745436553,0.17437565581151418,0.19821399460457353,0.1295132075311658,0.06372854486555515,0.0,0.0,0.11943168758705026,0.19396352956590182,0.18489854134923306,0.06372854657257297,0.21913870161576554,0.1405352670669332,0.1714168261015973,0.1821316796692479,0.1821316791114464,0.1826532447666176,0.14983045386981342,0.18213167946355108,0.2016548517286492,0.18213167938581268,0.14983045386981292,0.18213167938581268,0.1189912399747958,0.15420839993536806,0.15231470556429247,0.15450196748345563,0.12408304661541196,0.15382915883493442,0.10043473308073816,0.16363318520207745,0.18515730188513807,0.19676857039838794,0.2770488745422901,0.1189912393938587,0.10043473485339077,0.26879697150931764,0.1982139948312582,0.17437565781733952,0.14983045487774407,0.19396353154782614,0.277048874689994,0.11943168063516099,0.15420840030587113,0.12408305358783159,0.18213167909699038,0.1821316786310639,0.18515730046480613,0.14983045487774052,0.0,0.1967685708744551,0.1826532440541375,0.06372854243714432,0.2016548536467276,0.0,0.15382915883013115,0.15231470557534568,0.18489856755570372,0.12951320927927137,0.17141682769977729,0.1821316786310639,0.14053526589760382,0.0637285454255763,0.1821316787468653,0.16363318523939252,0.18213167863106403,0.21913870099686963,0.15450196978553601
7,0.26879697588805934,0.17437565728516255,0.19821399625975644,0.12951320891888296,0.06372854815774079,0.0,0.0,0.11943169235102617,0.19396353270331856,0.18489854211405793,0.06372855086264517,0.21913870106227962,0.14053526853741735,0.1714168287875223,0.18213167958130577,0.18213167902349967,0.1826532439224245,0.14983045476653672,0.18213167925146728,0.20165485331225663,0.18213167929790905,0.14983045476653623,0.18213167929790905,0.11899124052967444,0.15420840048843912,0.1523147069505154,0.15450196768584162,0.12408305140811227,0.15382916104902125,0.1004347370111979,0.1636331861148663,0.18515730442790154,0.1967685706880785,0.2770488755537854,0.11899124186936128,0.1004347388060013,0.2687969739177385,0.19821399683582347,0.1743756588741549,0.1498304557745891,0.19396353426954935,0.2770488760067149,0.11943168459619959,0.15420840065243147,0.12408305810330784,0.18213167900896582,0.18213167858808305,0.1851573034276198,0.14983045577458554,0.0,0.19676857003482898,0.18265324320992204,0.06372854666163161,0.20165485461789165,0.0,0.1538291613201803,0.15231470696961258,0.1848985681651881,0.12951321037782482,0.17141682989109924,0.18213167858808305,0.1405352671397899,0.06372854770232904,0.18213167870385022,0.16363318611530395,0.18213167858808318,0.21913870062405558,0.15450197000305324
8,0.29567919482027394,0.16582108987953142,0.1893354497303696,0.08557062759822795,0.1034925271900775,0.11943168758705026,0.11943169235102617,0.0,0.11712764982716956,0.12629814980231432,0.10349252815427734,0.2171565875573385,0.1406465346424931,0.10735924104410283,0.16495192783062623,0.16495192770418746,0.2353390056893817,0.1452924493024251,0.16495192687847268,0.12959778044000309,0.1649519272394463,0.1452924493024253,0.1649519272394463,0.13963844822803476,0.15699481367452578,0.15069054773874385,0.15996108703245704,0.07688912038997824,0.09556553634085174,0.11040942043608876,0.10051763084861962,0.15971949300351956,0.2388130460805011,0.3299005501435166,0.13963845121280113,0.11040941672628918,0.2956791939520227,0.1893354536595046,0.1658210928751338,0.14529244875696906,0.11712765656297008,0.3299005509041814,0.0,0.1569948144909355,0.07688912362702408,0.16495192754002763,0.16495192736056477,0.1597194901986365,0.14529244875696617,0.11943168808920022,0.23881304542238802,0.23533900515380193,0.10349252490287317,0.12959778109873324,0.11943168691665408,0.0955655368233816,0.15069054770697388,0.12629818149464933,0.08557062716446476,0.10735924459556412,0.16495192736056477,0.14064653232549612,0.10349252719751277,0.16495192821549906,0.10051763162545843,0.16495192736056488,0.2171565885639634,0.15996108983309404
9,0.33730824675961235,0.24228626381121562,0.18934949459989273,0.1687039608064203,0.16689212598254383,0.19396352956590182,0.19396353270331856,0.11712764982716956,0.0,0.13109398166523367,0.16689212717852256,0.2507138206369044,0.1929952051312562,0.047172256586117386,0.16810908701270283,0.16810908668141672,0.31114339891537995,0.1853976227574873,0.16810908628412308,0.04509937306899874,0.16810908689988247,0.18539762275748703,0.16810908689988247,0.160619404233885,0.2639037835372226,0.2572695487991847,0.182596268856852,0.07696042196010174,0.07897741984198071,0.1480873560162617,0.07666361154408119,0.10613074091966039,0.2786420963860087,0.3854316275309727,0.1606194068189564,0.14808735611132393,0.33730824655759833,0.18934949569664866,0.24228626519163327,0.18539762192269238,0.0,0.3854316279349855,0.11712764803158,0.2639037839259047,0.07696042663340366,0.16810908752425222,0.16810908716715198,0.10613074080026406,0.18539762192268802,0.19396353077069162,0.27864209593511535,0.311143398976258,0.1668921251456208,0.04509937033752691,0.19396353118595006,0.0789774211995171,0.25726954854606665,0.13109401344892732,0.16870396302465437,0.047172243312428475,0.16810908716715198,0.19299520415299298,0.16689212538951087,0.1681090857952788,0.07666361215220348,0.16810908716715212,0.2507138211499899,0.18259627160739578
10,0.39793654638479814,0.2792900902082956,0.27360179759404,0.20117516595914153,0.1293208975682815,0.18489854134923306,0.18489854211405793,0.12629814980231432,0.13109398166523367,0.0,0.12932089983298237,0.1295287888470965,0.09091682323637947,0.15768664395378892,0.06726162170654938,0.06726161900216526,0.23047895608748195,0.08073448953325948,0.06726161480345157,0.09562815434923008,0.06726161375115952,0.08073448953326251,0.06726161375115952,0.19386670421617302,0.21522040209461882,0.2092815605273039,0.09332799333939272,0.11648697071176856,0.06760096407511744,0.15871845262012788,0.06417631317874928,0.21375309610509544,0.32898224905689977,0.4253126716324629,0.19386670396309572,0.15871845185256525,0.3979365462455297,0.2736017986455062,0.2792900915667495,0.08073448763633748,0.13109398740885117,0.4253126719980277,0.12629814734502454,0.21522040235070922,0.11648697116762173,0.06726161834446702,0.06726162020783652,0.21375309705281356,0.08073448763631255,0.18489854184292834,0.3289822486821675,0.23047895558971093,0.12932089570171834,0.09562815571506135,0.18489854116887025,0.0676009627333069,0.2092815606545828,0.0,0.20117516626257878,0.15768664146258532,0.06726162020783652,0.09091682474632297,0.12932089689791532,0.06726161367707192,0.0641763075115496,0.06726162020783652,0.12952879092580477,0.09332799776079188
11,0.3221483787270028,0.21589576526511997,0.22919141234234458,0.15436558190515268,0.0,0.06372854657257297,0.06372855086264517,0.10349252815427734,0.16689212717852256,0.12932089983298237,0.0,0.16336822717841082,0.08168102592855098,0.16287554230562262,0.12574786714677838,0.12574786789531406,0.1720190613641892,0.08885220152797853,0.12574786659354045,0.15813074523362572,0.1257478667112384,0.08885220152797763,0.1257478667112384,0.12765623574098034,0.15268228624315747,0.1478750721696174,0.09947937598816252,0.10650368066253307,0.10678249052191648,0.09070003758184128,0.11726496701878265,0.19515443681805955,0.25024084104619926,0.3363626312973371,0.1276562342771874,0.09070004025883276,0.3221483780102689,0.22919141327934053,0.21589576604059194,0.08885220229833908,0.16689212945882465,0.33636263158138896,0.10349252396388359,0.1526822874083298,0.10650368263782556,0.12574786785080794,0.12574786771529717,0.19515443518100434,0.08885220229832652,0.0637285488548388,0.25024083979441314,0.17201906076497958,0.0,0.15813074554093426,0.06372854774514794,0.10678248877214225,0.14787507233895567,0.12932094265104005,0.15436558341550732,0.1628755426492118,0.12574786771529717,0.08168102385125825,0.0,0.12574786741730803,0.11726496706205439,0.1257478677152976,0.16336822646055474,0.09947937850244927
12,0.4672642877057562,0.3553028562129241,0.3735827570391575,0.28883158649837826,0.1633682292100717,0.21913870161576554,0.21913870106227962,0.2171565875573385,0.2507138206369044,0.1295287888470965,0.16336822717841082,0.0,0.09601002957632336,0.2749670472812602,0.13262905421639926,0.13262905320035523,0.21689115098435668,0.09415955706667942,0.1326290531406629,0.21484689959892156,0.1326290532088918,0.09415955706667868,0.1326290532088918,0.2691198581201252,0.23779719597847473,0.23437949180780004,0.1354266016639607,0.22745561753083363,0.1862274478927407,0.23169959143103483,0.18477260524077035,0.32150408463747965,0.4030366792207956,0.48150500266692453,0.26911985815999995,0.23169958988486056,0.4672642873524369,0.37358275849943,0.3553028577171879,0.09415955694547294,0.25071382304341583,0.4815050029078328,0.2171565874995656,0.23779719601322127,0.227455618772527,0.1326290542010771,0.13262905330606292,0.3215040846491821,0.0941595569454674,0.21913870029816632,0.4030366781866643,0.2168911501926119,0.16336822701368736,0.21484689967808443,0.2191387000841389,0.18622744744099354,0.2343794917871327,0.12952883434832604,0.28883158720049046,0.2749670492282687,0.13262905330606292,0.09601002731879077,0.16336822835375625,0.13262905243483092,0.1847726055622793,0.1326290533060633,0.0,0.135426604166152
13,0.3919232862774272,0.2785172836931724,0.29963836557324824,0.21294005709316705,0.08168102815561949,0.1405352670669332,0.14053526853741735,0.1406465346424931,0.1929952051312562,0.09091682323637947,0.08168102592855098,0.09601002957632336,0.0,0.20934808232092586,0.08608107651553976,0.08608107498627936,0.17597959246739067,0.02070956382841818,0.08608107636098218,0.164459292577386,0.08608107558123133,0.020709563828408113,0.08608107558123133,0.19293828071742053,0.1767622076737385,0.1720242234281849,0.07330527522753781,0.15812834880435367,0.12229281258005134,0.1548691012598663,0.12486844827099153,0.25680410974355533,0.32570954514662714,0.4061625742370108,0.19293828124524584,0.1548690994154179,0.3919232856959841,0.29963836766659724,0.2785172855392996,0.020709565260325077,0.1929952095450403,0.4061625744179997,0.14064653349096898,0.17676220806557733,0.15812835271049328,0.08608107632313589,0.08608107527716465,0.25680410957886246,0.020709565260231984,0.14053526748723877,0.32570954436481636,0.17597959197179777,0.08168102693488995,0.164459292010515,0.14053526735797445,0.122292812487143,0.17202422350542335,0.09091694882484451,0.21294005816384756,0.20934808287417708,0.08608107527716465,0.0,0.08168102860326588,0.08608107398744856,0.1248684476409024,0.08608107527716465,0.09601002579984835,0.07330527769146149
14,0.29431110414532613,0.20120143982456412,0.14345905170523807,0.13146543542186667,0.16287554175252364,0.1714168261015973,0.1714168287875223,0.10735924104410283,0.047172256586117386,0.15768664395378892,0.16287554230562262,0.2749670472812602,0.20934808232092586,0.0,0.1909018353356703,0.19090183632105565,0.3091398050615546,0.2053813004112312,0.19090183526421498,0.08568087079262084,0.19090183532012187,0.2053813004112312,0.19090183532012187,0.1267153397034743,0.25628058941803383,0.25043275443274493,0.19582366993141026,0.06290003047047053,0.098330729114083,0.13089072603436314,0.10239135191345865,0.06817943580026323,0.23328899838627815,0.3415180327924316,0.12671534372952276,0.1308907257613437,0.29431110330435756,0.14345905563351577,0.201201441198524,0.20538129918966572,0.047172255389093094,0.34151803294841687,0.10735924124742774,0.2562805899440201,0.06290003322342923,0.19090183712195505,0.1909018367929252,0.06817943165107883,0.20538129918966416,0.17141682505480907,0.23328899814361287,0.30913980483509873,0.16287553992848927,0.08568086990646784,0.1714168258044085,0.09833072790810281,0.2504327546517174,0.15768666769667913,0.13146543930976262,0.0,0.1909018367929252,0.20934808172344432,0.16287554175701754,0.1909018353983121,0.10239135131907492,0.19090183679292527,0.27496704799162947,0.19582367202601741
15,0.41750942373686706,0.3052229732749791,0.2945394637448079,0.23637423817250358,0.1257478671588666,0.1821316796692479,0.18213167958130577,0.16495192783062623,0.16810908701270283,0.06726162170654938,0.12574786714677838,0.13262905421639926,0.08608107651553976,0.1909018353356703,0.0,0.0,0.2016168624279266,0.07148022674500579,0.0,0.13490904377602417,0.0,0.07148022674499716,0.0,0.1544041215763829,0.23378200464307497,0.22856737209440559,0.040081775033750315,0.1412510722122843,0.09883010037228311,0.11813377397127191,0.09822081438684124,0.23531898301540471,0.33088293659350193,0.42254145126097825,0.15440412065446282,0.11813377387119564,0.4175094232716131,0.29453946449673923,0.30522297633208145,0.07148022429873384,0.16810909603375102,0.42254144395310045,0.16495192675599873,0.23378200364110324,0.14125107401389625,0.0,0.0,0.23531898179785155,0.07148022429863446,0.182131682614191,0.3308829358559404,0.2016168623455856,0.12574786740618107,0.13490903948263216,0.1821316819812699,0.09883009824339808,0.2285673716048945,0.06726271431387092,0.23637423885548525,0.19090183799329463,0.0,0.08608107557631911,0.1257478679558519,0.0,0.0982208173820302,0.0,0.1326290536526285,0.04008177382756467
16,0.41750942365985244,0.3052229730582187,0.29453946353490446,0.23637423810632427,0.125747866918321,0.1821316791114464,0.18213167902349967,0.16495192770418746,0.16810908668141672,0.06726161900216526,0.12574786789531406,0.13262905320035523,0.08608107498627936,0.19090183632105565,0.0,0.0,0.20161686235326015,0.07148022668785675,0.0,0.13490904421821653,0.0,0.07148022668784813,0.0,0.15440412105337595,0.23378200422058687,0.22856737256013385,0.040081776583469654,0.14125107320723634,0.09883010124132698,0.11813377427181199,0.09822081548355507,0.23531898326512082,0.33088293633510923,0.4225414513433723,0.15440412013093135,0.11813377389887511,0.41750942317961814,0.29453946443749396,0.3052229760015168,0.07148022484536277,0.16810909649763353,0.4225414439549916,0.16495192685652263,0.23378200332559865,0.14125107583204047,0.0,0.0,0.23531898273272728,0.0714802248452634,0.18213168214714176,0.330882935351349,0.20161686215221156,0.12574786676240438,0.13490904026986886,0.1821316817910616,0.09883009850123749,0.22856737185986784,0.06726271298792141,0.23637423842526947,0.19090183854081907,0.0,0.08608107446261458,0.12574786714933478,0.0,0.09822081667573641,0.0,0.13262905287794582,0.04008177517401709
17,0.4084287703354114,0.2998244425060603,0.3515688224654936,0.264709138478176,0.17201906493108454,0.1826532447666176,0.1826532439224245,0.2353390056893817,0.31114339891537995,0.23047895608748195,0.1720190613641892,0.21689115098435668,0.17597959246739067,0.3091398050615546,0.2016168624279266,0.20161686235326015,0.0,0.19258555196289476,0.20161686330825976,0.2934972435941794,0.20161686273660526,0.19258555196289454,0.20161686273660526,0.23635459005223905,0.15605805123725278,0.15807079618019942,0.1667876313871423,0.2525103336682981,0.24284428039857983,0.20593696323267768,0.25076809296261876,0.3360939219185036,0.33182604494824747,0.3708152968117188,0.2363545906897259,0.2059369622342474,0.4084287692729143,0.35156882216162927,0.29982444915764345,0.19258555182741496,0.31114340819841524,0.3708152886172694,0.2353390021335544,0.1560580493198153,0.2525103373929717,0.20161686216740482,0.20161686221911418,0.33609392038768127,0.19258555182740753,0.18265324657490598,0.33182604086672407,0.0,0.1720190656120137,0.29349724066659294,0.18265324749845985,0.24284427725911384,0.15807079670308388,0.23047902372997453,0.26470913868400425,0.3091398085362205,0.20161686221911418,0.1759795957811855,0.17201906348390067,0.2016168631806629,0.2507680935423571,0.20161686221911457,0.21689114906495519,0.16678762678802797
18,0.39939413421153547,0.2880637248117632,0.30169700349082335,0.22071648584157014,0.08885220140529296,0.14983045386981342,0.14983045476653672,0.1452924493024251,0.1853976227574873,0.08073448953325948,0.08885220152797853,0.09415955706667942,0.02070956382841818,0.2053813004112312,0.07148022674500579,0.07148022668785675,0.19258555196289476,0.0,0.07148022755115219,0.15493385676346674,0.0714802264347827,0.0,0.0714802264347827,0.19209695307770314,0.1951743898941797,0.19019307557332354,0.07764767906428252,0.15612916925071607,0.11650919474717183,0.1554504443865235,0.11683895846445895,0.2541280913369243,0.3319555810955049,0.41564195008211224,0.19209695340781938,0.15545044481051945,0.39939413364821197,0.30169700510969877,0.2880637256645592,0.0,0.1853976245618539,0.4156419509629473,0.14529244855065665,0.19517439043292178,0.15612916927281367,0.07148022629813888,0.07148022575531572,0.25412809054760566,0.0,0.14983045357498667,0.33195557989153474,0.19258555156126772,0.08885219956939223,0.1549338540800955,0.1498304532985883,0.11650919655554233,0.1901930752066758,0.08073469741882185,0.22071648675641298,0.2053813006100577,0.07148022575531572,0.020709566582632365,0.08885220191605521,0.07148022567168517,0.11683895938449643,0.0714802257553207,0.09415955782396775,0.07764768325547493
19,0.4175094232328287,0.30522297329021525,0.29453946288706634,0.2363742382837247,0.12574786669908178,0.18213167946355108,0.18213167925146728,0.16495192687847268,0.16810908628412308,0.06726161480345157,0.12574786659354045,0.1326290531406629,0.08608107636098218,0.19090183526421498,0.0,0.0,0.20161686330825976,0.07148022755115219,0.0,0.1349090440223592,0.0,0.07148022755114357,0.0,0.15440412083626648,0.2337820045047042,0.2285673721215044,0.04008177994253347,0.14125107267953083,0.0988301008839117,0.11813377380369355,0.09822081463018316,0.23531898236041113,0.3308829362292227,0.4225414515003441,0.15440412016488003,0.11813377359217514,0.41750942264248236,0.29453946388489566,0.3052229763503928,0.07148022503271595,0.16810909581110198,0.42254144405745064,0.16495192545267787,0.2337820034673237,0.14125107511194102,0.0,0.0,0.2353189811375395,0.07148022503261657,0.18213168208664546,0.33088293547739606,0.20161686322591982,0.12574786603995303,0.13490904010946375,0.18213168141677463,0.09883009762769017,0.22856737156742557,0.06726270884068355,0.23637423897849835,0.19090183801742466,0.0,0.08608107513519332,0.1257478661826413,0.0,0.09822081598760163,0.0,0.13262905241328593,0.04008177609556446
20,0.36987183978223553,0.26980744800660206,0.22591043206351322,0.19236713822056548,0.15813074335038377,0.2016548517286492,0.20165485331225663,0.12959778044000309,0.04509937306899874,0.09562815434923008,0.15813074523362572,0.21484689959892156,0.164459292577386,0.08568087079262084,0.13490904377602417,0.13490904421821653,0.2934972435941794,0.15493385676346674,0.1349090440223592,0.0,0.1349090440568763,0.15493385676346624,0.1349090440568763,0.1803996604044598,0.25834462754252097,0.25166108615180394,0.15435041088627102,0.09245641582316591,0.060038725548012914,0.15809259967355194,0.051814079865261924,0.13994394727227233,0.3098526232833427,0.41508139833472213,0.18039966162056958,0.15809259867287462,0.3698718398982934,0.22591043521814702,0.26980745048510285,0.15493385648440486,0.0450993653064678,0.4150813991108324,0.12959778003353895,0.2583446279346196,0.09245641713035832,0.13490904427041467,0.1349090446367134,0.13994394360120782,0.15493385648440103,0.20165485163424324,0.30985262282308657,0.2934972435081284,0.15813074164538676,0.0,0.2016548512308426,0.06003872869709886,0.2516610862546127,0.09562821463103574,0.19236713881901618,0.08568087340891015,0.1349090446367134,0.16445929082822214,0.15813074502509258,0.13490904411951085,0.051814079138540296,0.1349090446367137,0.2148469007279093,0.15435041333514832
21,0.4175094236055844,0.30522297293271994,0.29453946317819485,0.23637423835341817,0.1257478668500665,0.18213167938581268,0.18213167929790905,0.1649519272394463,0.16810908689988247,0.06726161375115952,0.1257478667112384,0.1326290532088918,0.08608107558123133,0.19090183532012187,0.0,0.0,0.20161686273660526,0.0714802264347827,0.0,0.1349090440568763,0.0,0.07148022643477409,0.0,0.1544041211097823,0.23378200436835173,0.22856737190085855,0.040081778809267415,0.1412510722105968,0.09883010137407534,0.1181337741444513,0.09822081421074041,0.2353189825225272,0.33088293626881465,0.42254145143262306,0.15440412041186688,0.1181337738351175,0.4175094231239897,0.2945394641760391,0.305222975933199,0.07148022391622161,0.16810909642683675,0.42254144399130844,0.16495192581366044,0.23378200328950738,0.14125107504534784,0.0,0.0,0.2353189814234929,0.07148022391612223,0.18213168201616056,0.3308829355170149,0.2016168626542651,0.12574786634238852,0.13490903981416755,0.1821316814631999,0.09883009811789258,0.22856737144702322,0.06726270778870046,0.23637423920312892,0.19090183892956974,0.0,0.08608107475803341,0.12574786620912082,0.0,0.0982208155679878,0.0,0.13262905274107673,0.040081777143435506
22,0.3993941342115354,0.288063724811763,0.30169700349082335,0.22071648584157,0.08885220140529204,0.14983045386981292,0.14983045476653623,0.1452924493024253,0.18539762275748703,0.08073448953326251,0.08885220152797763,0.09415955706667868,0.020709563828408113,0.2053813004112312,0.07148022674499716,0.07148022668784813,0.19258555196289454,0.0,0.07148022755114357,0.15493385676346624,0.07148022643477409,0.0,0.07148022643477409,0.19209695307770272,0.19517438989417993,0.19019307557332377,0.07764767906428163,0.1561291692507158,0.11650919474717111,0.155450444386523,0.11683895846445921,0.2541280913369241,0.33195558109550477,0.41564195008211224,0.19209695340781927,0.15545044481051895,0.39939413364821186,0.3016970051096988,0.28806372566455907,0.0,0.1853976245618536,0.41564195096294726,0.14529244855065687,0.19517439043292203,0.15612916927281342,0.07148022629813026,0.07148022575530712,0.2541280905476055,0.0,0.14983045357498614,0.3319555798915346,0.1925855515612675,0.08885219956939132,0.15493385408009497,0.1498304532985878,0.11650919655554165,0.19019307520667605,0.08073469741882487,0.2207164867564128,0.2053813006100577,0.07148022575530712,0.02070956658262613,0.0888522019160543,0.07148022567167656,0.11683895938449672,0.0714802257553121,0.09415955782396698,0.07764768325547396
23,0.4175094236055844,0.30522297293271994,0.29453946317819485,0.23637423835341817,0.1257478668500665,0.18213167938581268,0.18213167929790905,0.1649519272394463,0.16810908689988247,0.06726161375115952,0.1257478667112384,0.1326290532088918,0.08608107558123133,0.19090183532012187,0.0,0.0,0.20161686273660526,0.0714802264347827,0.0,0.1349090440568763,0.0,0.07148022643477409,0.0,0.1544041211097823,0.23378200436835173,0.22856737190085855,0.040081778809267415,0.1412510722105968,0.09883010137407534,0.1181337741444513,0.09822081421074041,0.2353189825225272,0.33088293626881465,0.42254145143262306,0.15440412041186688,0.1181337738351175,0.4175094231239897,0.2945394641760391,0.305222975933199,0.07148022391622161,0.16810909642683675,0.42254144399130844,0.16495192581366044,0.23378200328950738,0.14125107504534784,0.0,0.0,0.2353189814234929,0.07148022391612223,0.18213168201616056,0.3308829355170149,0.2016168626542651,0.12574786634238852,0.13490903981416755,0.1821316814631999,0.09883009811789258,0.22856737144702322,0.06726270778870046,0.23637423920312892,0.19090183892956974,0.0,0.08608107475803341,0.12574786620912082,0.0,0.0982208155679878,0.0,0.13262905274107673,0.040081777143435506
24,0.2986698471659667,0.20522531253888399,0.1741709002551828,0.1473669012788238,0.1276562376698206,0.1189912399747958,0.11899124052967444,0.13963844822803476,0.160619404233885,0.19386670421617302,0.12765623574098034,0.2691198581201252,0.19293828071742053,0.1267153397034743,0.1544041215763829,0.15440412105337595,0.23635459005223905,0.19209695307770314,0.15440412083626648,0.1803996604044598,0.1544041211097823,0.19209695307770272,0.1544041211097823,0.0,0.24056509257820352,0.23670242738416492,0.14345145633197048,0.10000878949883778,0.13892377177609572,0.04195669602945155,0.14711954646519879,0.13158256100866586,0.2017601918080186,0.2985582000282945,5.025226296670683e-06,0.041956703244669456,0.2986698468126949,0.17417090138591815,0.2052253182338011,0.1920969532456726,0.160619416666599,0.2985581879084713,0.1396384420215017,0.2405650922146988,0.1000087971897483,0.1544041214594818,0.15440412119230376,0.13158255258026524,0.19209695324566783,0.11899124177526436,0.20176019013014343,0.2363545899474203,0.1276562386647023,0.1803996573154973,0.1189912418330203,0.13892376832059425,0.23670242726074,0.19386674716131683,0.14736690727093898,0.126715346827577,0.15440412119230376,0.19293828172262617,0.12765623722253466,0.15440412135536052,0.14711954636931013,0.15440412119230376,0.2691198570327727,0.1434514544289221
25,0.3334911657437024,0.20717817866305435,0.29246243891321955,0.17394630633326227,0.15268228586574054,0.15420839993536806,0.15420840048843912,0.15699481367452578,0.2639037835372226,0.21522040209461882,0.15268228624315747,0.23779719597847473,0.1767622076737385,0.25628058941803383,0.23378200464307497,0.23378200422058687,0.15605805123725278,0.1951743898941797,0.2337820045047042,0.25834462754252097,0.23378200436835173,0.19517438989417993,0.23378200436835173,0.24056509257820352,0.0,0.007500459328227543,0.20731075823900902,0.21375496210000683,0.21514257805831297,0.20898480705807715,0.22300765991153967,0.2915281514402712,0.28894617209892826,0.3310614161391434,0.2405650928605793,0.20898480823226556,0.33349116436047815,0.29246244002659055,0.20717817665853502,0.19517439032800393,0.26390378579874196,0.3310614165534559,0.15699480852583292,0.0,0.213754963980156,0.23378200458153967,0.2337820046748933,0.2915281512895006,0.19517439032799871,0.1542084008015299,0.2889461728500826,0.15605805028913425,0.1526822849822117,0.2583446282681732,0.15420840089349577,0.2151425779785868,0.007500437666749743,0.2152204035287736,0.17394630705103553,0.2562805892369227,0.2337820046748933,0.17676220651598895,0.15268228686898697,0.23378200420201142,0.223007660754045,0.2337820046748934,0.23779719574624575,0.20731075857386877
26,0.33307212204880654,0.20535329595783414,0.28926489221151086,0.17010819081234882,0.14787507131266558,0.15231470556429247,0.1523147069505154,0.15069054773874385,0.2572695487991847,0.2092815605273039,0.1478750721696174,0.23437949180780004,0.1720242234281849,0.25043275443274493,0.22856737209440559,0.22856737256013385,0.15807079618019942,0.19019307557332354,0.2285673721215044,0.25166108615180394,0.22856737190085855,0.19019307557332377,0.22856737190085855,0.23670242738416492,0.007500459328227543,0.0,0.2029028121842801,0.20803275294003887,0.20862212299462685,0.20447786406701224,0.2164196130687092,0.28692087165752417,0.2879000493275742,0.33216839137804394,0.23670242754037785,0.20447786353129507,0.33307212089787525,0.28926489320104426,0.2053532968371324,0.1901930751487889,0.25726955123379386,0.3321683922361385,0.15069054166368998,0.007500527691685743,0.20803275373436997,0.22856737274995864,0.2285673729061373,0.2869208704695047,0.19019307514878364,0.15231470672536734,0.2879000500456099,0.15807079532409413,0.14787506824562466,0.2516610864449602,0.15231470571732947,0.20862212379361028,0.0,0.20928156135571194,0.17010819060804322,0.25043275368493656,0.2285673729061373,0.17202422319367197,0.14787507176826659,0.2285673722095513,0.21641961356364103,0.2285673729061374,0.23437949214890555,0.20290281203568056
27,0.39927649486574507,0.2885538480318949,0.28543764887926526,0.22335047884030124,0.09947937617719829,0.15450196748345563,0.15450196768584162,0.15996108703245704,0.182596268856852,0.09332799333939272,0.09947937598816252,0.1354266016639607,0.07330527522753781,0.19582366993141026,0.040081775033750315,0.040081776583469654,0.1667876313871423,0.07764767906428252,0.04008177994253347,0.15435041088627102,0.040081778809267415,0.07764767906428163,0.040081778809267415,0.14345145633197048,0.20731075823900902,0.2029028121842801,0.0,0.1392474080940991,0.10792210368717786,0.10457560814495948,0.11368017010512713,0.23316421047736924,0.3127264659623154,0.400518583405792,0.1434514563292067,0.1045756087597427,0.3992764939434549,0.28543765023462386,0.2885538502585141,0.07764767623239743,0.18259627644737056,0.40051857785129824,0.1599610827715005,0.20731075693964118,0.13924741100907345,0.040081777317006136,0.040081774089180656,0.23316421002779858,0.07764767623233135,0.15450196929292623,0.3127264650332895,0.1667876318229945,0.09947937460703311,0.15435040996240393,0.15450196895893428,0.10792209972422916,0.2029028117783294,0.09332811159898217,0.22335047822856882,0.1958236718414727,0.040081774089180656,0.07330527249847656,0.09947937696609065,0.040081772246305346,0.11368017133530345,0.040081774089181926,0.1354266009668109,0.0
28,0.30533862173321163,0.20023373608951966,0.16514310685405836,0.12691906227763927,0.10650367762088962,0.12408304661541196,0.12408305140811227,0.07688912038997824,0.07696042196010174,0.11648697071176856,0.10650368066253307,0.22745561753083363,0.15812834880435367,0.06290003047047053,0.1412510722122843,0.14125107320723634,0.2525103336682981,0.15612916925071607,0.14125107267953083,0.09245641582316591,0.1412510722105968,0.1561291692507158,0.1412510722105968,0.10000878949883778,0.21375496210000683,0.20803275294003887,0.1392474080940991,0.0,0.05530887026585751,0.07962111248548336,0.06310431916321796,0.10737324071880919,0.22905893839148578,0.3357366641889195,0.10000878826374655,0.07962110956950572,0.3053386204646754,0.165143109190979,0.20023373498499974,0.15612917000428755,0.07696042404633614,0.33573666467951513,0.076889090588184,0.21375496126399038,0.0,0.14125107141821977,0.14125107296674674,0.10737324034095075,0.15612917000428567,0.12408304810021793,0.2290589384444532,0.2525103334953271,0.10650367682126728,0.09245641394295713,0.12408304762338533,0.05530887261650534,0.20803275285218745,0.11648697049308242,0.12691906310273604,0.06290002926834495,0.14125107296674674,0.15812834938837544,0.10650367969499325,0.14125107299380554,0.06310431796023154,0.1412510729667468,0.22745561742590795,0.1392474111237165
29,0.35349634166728644,0.24266703454912877,0.21729243012960484,0.16583689948488367,0.10678248947131025,0.15382915883493442,0.15382916104902125,0.09556553634085174,0.07897741984198071,0.06760096407511744,0.10678249052191648,0.1862274478927407,0.12229281258005134,0.098330729114083,0.09883010037228311,0.09883010124132698,0.24284428039857983,0.11650919474717183,0.0988301008839117,0.060038725548012914,0.09883010137407534,0.11650919474717111,0.09883010137407534,0.13892377177609572,0.21514257805831297,0.20862212299462685,0.10792210368717786,0.05530887026585751,0.0,0.10948686608536574,0.014869913731783741,0.15356187031332622,0.27984624637087313,0.38293238838757565,0.13892377077364146,0.1094868664432558,0.35349634085756243,0.2172924338812645,0.2426670357367297,0.11650919499259155,0.07897742631656443,0.3829323886956642,0.09556553344388508,0.21514257754557906,0.05530887674656381,0.09883010063164493,0.09883010142290675,0.15356187038558186,0.11650919499258652,0.15382915997138574,0.27984624631172683,0.2428442803316404,0.10678248675663692,0.0600387214546871,0.15382915887602894,0.0,0.20862212288621643,0.06760100891229184,0.16583690018542702,0.0983307310195995,0.09883010142290675,0.12229281294038742,0.10678248875920593,0.09883010137683897,0.014869954520756797,0.09883010142290694,0.18622744881961037,0.1079221069683082
30,0.3174446943565433,0.21478839653370496,0.19651842245621662,0.15276540590286256,0.09070004140380605,0.10043473308073816,0.1004347370111979,0.11040942043608876,0.1480873560162617,0.15871845262012788,0.09070003758184128,0.23169959143103483,0.1548691012598663,0.13089072603436314,0.11813377397127191,0.11813377427181199,0.20593696323267768,0.1554504443865235,0.11813377380369355,0.15809259967355194,0.1181337741444513,0.155450444386523,0.1181337741444513,0.04195669602945155,0.20898480705807715,0.20447786406701224,0.10457560814495948,0.07962111248548336,0.10948686608536574,0.0,0.11904413582396779,0.1537382867980106,0.22341622879339368,0.31838382648707075,0.04195670374201969,0.0,0.31744469252413754,0.19651842160457544,0.2147884009299959,0.15545044321088888,0.14808736506797032,0.3183838168352113,0.11040939742010115,0.20898480620437684,0.07962112592620094,0.11813377462529832,0.11813377477190964,0.15373828233157844,0.1554504432108889,0.10043473644727102,0.2234162270469198,0.2059369629871266,0.09070004096177961,0.15809259703407263,0.1004347333905017,0.10948686247854864,0.20447786413240895,0.15871850199643692,0.15276540755569648,0.13089072985862135,0.11813377477190964,0.1548691022978183,0.090700040182899,0.11813377501139177,0.11904413783798723,0.11813377477190992,0.23169959020270334,0.10457560557019656
