0 0 0.0
0 1 0.7164483716672276
0 2 1.48200762091544
0 3 1.6435685162563916
0 4 1.6394364105012085
0 5 1.9179077587886417
0 6 2.098246497218561
0 7 2.1779974664715795
0 8 2.177997466471577
0 9 2.1779974664715778
0 10 2.1779974664715813
0 11 0.7164483716672272
0 12 1.482007620915431
0 13 1.6435685162563964
0 14 1.6394364105012051
0 15 1.9179077587886502
0 16 2.0982464972185606
0 17 2.1779974664715795
0 18 2.1779974664715778
0 19 2.177997466471577
0 20 2.177997466471581
1 0 0.7164483716672276
1 1 0.0
1 2 1.3274959354646108
1 3 1.6902648976633288
1 4 1.7843711081809475
1 5 2.110976669071891
1 6 2.2768881384262483
1 7 2.4098660984436573
1 8 2.4098660984436617
1 9 2.409866098443656
1 10 2.409866098443673
1 11 3.3164023114004066e-14
1 12 1.3274959354646136
1 13 1.690264897663323
1 14 1.7843711081809415
1 15 2.1109766690718996
1 16 2.2768881384262447
1 17 2.409866098443665
1 18 2.409866098443663
1 19 2.409866098443654
1 20 2.4098660984436653
2 0 1.48200762091544
2 1 1.3274959354646108
2 2 0.0
2 3 1.9639144431162507
2 4 2.0979194182448246
2 5 2.2949812601081616
2 6 2.503082056734746
2 7 2.6617439228006416
2 8 2.6617439228006408
2 9 2.6617439228006425
2 10 2.6617439228006456
2 11 1.3274959354646096
2 12 3.509723060463021e-14
2 13 1.9639144431162452
2 14 2.0979194182448255
2 15 2.294981260108167
2 16 2.503082056734744
2 17 2.6617439228006403
2 18 2.6617439228006394
2 19 2.661743922800641
2 20 2.661743922800641
3 0 1.6435685162563916
3 1 1.6902648976633288
3 2 1.9639144431162507
3 3 0.0
3 4 1.8533473482859075
3 5 1.958046685856049
3 6 2.1857180927924493
3 7 2.0759562548362833
3 8 2.0759562548362838
3 9 2.0759562548362838
3 10 2.07595625483629
3 11 1.6902648976633212
3 12 1.963914443116247
3 13 3.985740341818309e-14
3 14 1.8533473482859093
3 15 1.9580466858560466
3 16 2.1857180927924458
3 17 2.075956254836283
3 18 2.075956254836281
3 19 2.07595625483628
3 20 2.0759562548362833
4 0 1.6394364105012085
4 1 1.7843711081809475
4 2 2.0979194182448246
4 3 1.8533473482859075
4 4 0.0
4 5 1.8408220176010823
4 6 2.091791814052098
4 7 1.8946103831813355
4 8 1.8946103831813266
4 9 1.894610383181333
4 10 1.8946103831813363
4 11 1.7843711081809401
4 12 2.0979194182448198
4 13 1.8533473482859104
4 14 3.319843430573861e-14
4 15 1.8408220176010797
4 16 2.0917918140520957
4 17 1.8946103831813192
4 18 1.894610383181318
4 19 1.8946103831813195
4 20 1.8946103831813246
5 0 1.9179077587886417
5 1 2.110976669071891
5 2 2.2949812601081616
5 3 1.958046685856049
5 4 1.8408220176010823
5 5 0.0
5 6 2.0125236899244348
5 7 1.724440746231289
5 8 1.7244407462312747
5 9 1.7244407462312867
5 10 1.7244407462312805
5 11 2.1109766690718854
5 12 2.294981260108158
5 13 1.9580466858560512
5 14 1.8408220176010905
5 15 6.526173177878267e-14
5 16 2.0125236899244343
5 17 1.7244407462312643
5 18 1.7244407462312625
5 19 1.724440746231271
5 20 1.72444074623127
6 0 2.098246497218561
6 1 2.2768881384262483
6 2 2.503082056734746
6 3 2.1857180927924493
6 4 2.091791814052098
6 5 2.0125236899244348
6 6 0.0
6 7 1.800858073096304
6 8 1.8008580730962982
6 9 1.8008580730963006
6 10 1.8008580730962978
6 11 2.2768881384262447
6 12 2.503082056734744
6 13 2.185718092792455
6 14 2.091791814052102
6 15 2.0125236899244388
6 16 3.3223868525031595e-14
6 17 1.800858073096302
6 18 1.8008580730963
6 19 1.8008580730963006
6 20 1.8008580730963022
7 0 2.1779974664715795
7 1 2.4098660984436573
7 2 2.6617439228006416
7 3 2.0759562548362833
7 4 1.8946103831813355
7 5 1.724440746231289
7 6 1.800858073096304
7 7 0.0
7 8 7.949788559207934e-14
7 9 2.738749273943866e-14
7 10 7.753797041699675e-14
7 11 2.409866098443652
7 12 2.6617439228006385
7 13 2.0759562548362878
7 14 1.8946103831813446
7 15 1.724440746231284
7 16 1.800858073096305
7 17 1.4054798892641487e-13
7 18 1.4124486088348094e-13
7 19 1.1699043754484647e-13
7 20 1.1337124221938297e-13
8 0 2.177997466471577
8 1 2.4098660984436617
8 2 2.6617439228006408
8 3 2.0759562548362838
8 4 1.8946103831813266
8 5 1.7244407462312747
8 6 1.8008580730962982
8 7 7.949788559207934e-14
8 8 0.0
8 9 6.279961872000892e-14
8 10 6.186124614579057e-14
8 11 2.4098660984436564
8 12 2.6617439228006377
8 13 2.0759562548362887
8 14 1.8946103831813355
8 15 1.7244407462312699
8 16 1.8008580730962995
8 17 6.585394028939647e-14
8 18 6.594967851693268e-14
8 19 5.990649277178686e-14
8 20 4.1050475259909715e-14
9 0 2.1779974664715778
9 1 2.409866098443656
9 2 2.6617439228006425
9 3 2.0759562548362838
9 4 1.894610383181333
9 5 1.7244407462312867
9 6 1.8008580730963006
9 7 2.738749273943866e-14
9 8 6.279961872000892e-14
9 9 0.0
9 10 7.586437187365784e-14
9 11 2.4098660984436506
9 12 2.6617439228006394
9 13 2.0759562548362887
9 14 1.894610383181342
9 15 1.7244407462312816
9 16 1.800858073096302
9 17 1.2375994742898701e-13
9 18 1.2402031248285124e-13
9 19 9.6600948083977e-14
9 20 9.807609409947113e-14
10 0 2.1779974664715813
10 1 2.409866098443673
10 2 2.6617439228006456
10 3 2.07595625483629
10 4 1.8946103831813363
10 5 1.7244407462312805
10 6 1.8008580730962978
10 7 7.753797041699675e-14
10 8 6.186124614579057e-14
10 9 7.586437187365784e-14
10 10 0.0
10 11 2.4098660984436675
10 12 2.6617439228006425
10 13 2.075956254836295
10 14 1.8946103831813452
10 15 1.7244407462312756
10 16 1.800858073096299
10 17 1.1399919416988628e-13
10 18 1.1334874944524011e-13
10 19 1.1999446762835193e-13
10 20 8.542662178212761e-14
11 0 0.7164483716672272
11 1 3.3164023114004066e-14
11 2 1.3274959354646096
11 3 1.6902648976633212
11 4 1.7843711081809401
11 5 2.1109766690718854
11 6 2.2768881384262447
11 7 2.409866098443652
11 8 2.4098660984436564
11 9 2.4098660984436506
11 10 2.4098660984436675
11 11 0.0
11 12 1.3274959354646125
11 13 1.6902648976633154
11 14 1.7843711081809341
11 15 2.110976669071894
11 16 2.276888138426241
11 17 2.4098660984436595
11 18 2.4098660984436577
11 19 2.409866098443649
11 20 2.4098660984436604
12 0 1.482007620915431
12 1 1.3274959354646136
12 2 3.509723060463021e-14
12 3 1.963914443116247
12 4 2.0979194182448198
12 5 2.294981260108158
12 6 2.503082056734744
12 7 2.6617439228006385
12 8 2.6617439228006377
12 9 2.6617439228006394
12 10 2.6617439228006425
12 11 1.3274959354646125
12 12 0.0
12 13 1.9639144431162412
12 14 2.097919418244821
12 15 2.2949812601081634
12 16 2.5030820567347423
12 17 2.6617439228006377
12 18 2.6617439228006363
12 19 2.661743922800638
12 20 2.6617439228006385
13 0 1.6435685162563964
13 1 1.690264897663323
13 2 1.9639144431162452
13 3 3.985740341818309e-14
13 4 1.8533473482859104
13 5 1.9580466858560512
13 6 2.185718092792455
13 7 2.0759562548362878
13 8 2.0759562548362887
13 9 2.0759562548362887
13 10 2.075956254836295
13 11 1.6902648976633154
13 12 1.9639144431162412
13 13 0.0
13 14 1.8533473482859124
13 15 1.9580466858560488
13 16 2.1857180927924516
13 17 2.0759562548362873
13 18 2.075956254836286
13 19 2.0759562548362847
13 20 2.075956254836288
14 0 1.6394364105012051
14 1 1.7843711081809415
14 2 2.0979194182448255
14 3 1.8533473482859093
14 4 3.319843430573861e-14
14 5 1.8408220176010905
14 6 2.091791814052102
14 7 1.8946103831813446
14 8 1.8946103831813355
14 9 1.894610383181342
14 10 1.8946103831813452
14 11 1.7843711081809341
14 12 2.097919418244821
14 13 1.8533473482859124
14 14 0.0
14 15 1.8408220176010879
14 16 2.0917918140520997
14 17 1.8946103831813281
14 18 1.8946103831813268
14 19 1.8946103831813286
14 20 1.8946103831813335
15 0 1.9179077587886502
15 1 2.1109766690718996
15 2 2.294981260108167
15 3 1.9580466858560466
15 4 1.8408220176010797
15 5 6.526173177878267e-14
15 6 2.0125236899244388
15 7 1.724440746231284
15 8 1.7244407462312699
15 9 1.7244407462312816
15 10 1.7244407462312756
15 11 2.110976669071894
15 12 2.2949812601081634
15 13 1.9580466858560488
15 14 1.8408220176010879
15 15 0.0
15 16 2.0125236899244383
15 17 1.7244407462312594
15 18 1.7244407462312576
15 19 1.7244407462312659
15 20 1.7244407462312652
16 0 2.0982464972185606
16 1 2.2768881384262447
16 2 2.503082056734744
16 3 2.1857180927924458
16 4 2.0917918140520957
16 5 2.0125236899244343
16 6 3.3223868525031595e-14
16 7 1.800858073096305
16 8 1.8008580730962995
16 9 1.800858073096302
16 10 1.800858073096299
16 11 2.276888138426241
16 12 2.5030820567347423
16 13 2.1857180927924516
16 14 2.0917918140520997
16 15 2.0125236899244383
16 16 0.0
16 17 1.800858073096303
16 18 1.8008580730963013
16 19 1.800858073096302
16 20 1.8008580730963035
17 0 2.1779974664715795
17 1 2.409866098443665
17 2 2.6617439228006403
17 3 2.075956254836283
17 4 1.8946103831813192
17 5 1.7244407462312643
17 6 1.800858073096302
17 7 1.4054798892641487e-13
17 8 6.585394028939647e-14
17 9 1.2375994742898701e-13
17 10 1.1399919416988628e-13
17 11 2.4098660984436595
17 12 2.6617439228006377
17 13 2.0759562548362873
17 14 1.8946103831813281
17 15 1.7244407462312594
17 16 1.800858073096303
17 17 0.0
17 18 7.68647887748505e-15
17 19 5.2518080513433684e-14
17 20 3.226103208244239e-14
18 0 2.1779974664715778
18 1 2.409866098443663
18 2 2.6617439228006394
18 3 2.075956254836281
18 4 1.894610383181318
18 5 1.7244407462312625
18 6 1.8008580730963
18 7 1.4124486088348094e-13
18 8 6.594967851693268e-14
18 9 1.2402031248285124e-13
18 10 1.1334874944524011e-13
18 11 2.4098660984436577
18 12 2.6617439228006363
18 13 2.075956254836286
18 14 1.8946103831813268
18 15 1.7244407462312576
18 16 1.8008580730963013
18 17 7.68647887748505e-15
18 18 0.0
18 19 5.3657373737051324e-14
18 20 3.140516244595394e-14
19 0 2.177997466471577
19 1 2.409866098443654
19 2 2.661743922800641
19 3 2.07595625483628
19 4 1.8946103831813195
19 5 1.724440746231271
19 6 1.8008580730963006
19 7 1.1699043754484647e-13
19 8 5.990649277178686e-14
19 9 9.6600948083977e-14
19 10 1.1999446762835193e-13
19 11 2.409866098443649
19 12 2.661743922800638
19 13 2.0759562548362847
19 14 1.8946103831813286
19 15 1.7244407462312659
19 16 1.800858073096302
19 17 5.2518080513433684e-14
19 18 5.3657373737051324e-14
19 19 0.0
19 20 5.332973357535922e-14
20 0 2.177997466471581
20 1 2.4098660984436653
20 2 2.661743922800641
20 3 2.0759562548362833
20 4 1.8946103831813246
20 5 1.72444074623127
20 6 1.8008580730963022
20 7 1.1337124221938297e-13
20 8 4.1050475259909715e-14
20 9 9.807609409947113e-14
20 10 8.542662178212761e-14
20 11 2.4098660984436604
20 12 2.6617439228006385
20 13 2.075956254836288
20 14 1.8946103831813335
20 15 1.7244407462312652
20 16 1.8008580730963035
20 17 3.226103208244239e-14
20 18 3.140516244595394e-14
20 19 5.332973357535922e-14
20 20 0.0
