1 1 0.0
1 2 1.937592970182907
1 3 1.9375929701829715
1 4 4.596130614459275e-13
1 5 1.9375929701827388
1 6 1.937592970182724
1 7 3.9289479927000907e-13
1 8 1.9375929701828885
1 9 1.9375929701829442
1 10 3.8560733011863127e-13
1 11 1.9375929701828596
1 12 1.937592970182699
1 13 2.980439332783324e-13
1 14 1.9375929701828516
1 15 1.9375929701828958
1 16 3.0465499745876112
1 36 3.046549974587645
1 17 3.180549920496935
1 18 3.180549920496925
1 19 3.268572037786939
1 20 3.2120710932846017
1 21 3.0465499745876228
1 22 3.180549920496981
1 23 3.180549920496974
1 24 3.268572037786967
1 25 3.2120710932845884
1 26 3.0465499745877027
1 27 3.212071093284631
1 28 3.2685720377869756
1 29 3.1805499204969756
1 30 3.180549920497008
1 31 3.0465499745876268
1 32 3.2120710932846106
1 33 3.268572037786985
1 34 3.180549920497008
1 35 3.180549920497021
1 37 3.212071093284531
1 38 3.2685720377868974
1 39 3.180549920496898
1 40 3.180549920496903
2 1 1.937592970182907
2 2 0.0
2 3 3.538544017814109e-13
2 4 1.9375929701831422
2 5 2.9500092619318494e-13
2 6 3.6919193232283767e-13
2 7 1.9375929701830856
2 8 2.8239696012610585e-13
2 9 2.6818218492166003e-13
2 10 1.9375929701830517
2 11 3.0502655959104636e-13
2 12 4.1912480922280526e-13
2 13 1.9375929701829975
2 14 3.1438511106550685e-13
2 15 1.0570665344671046e-13
2 16 2.131166314831138
2 36 2.131166314831167
2 17 2.11895661830122
2 18 2.118956618301208
2 19 2.1484564392804377
2 20 2.098954412770134
2 21 2.131166314831155
2 22 2.118956618301269
2 23 2.118956618301254
2 24 2.1484564392804746
2 25 2.0989544127701256
2 26 2.131166314831196
2 27 2.098954412770176
2 28 2.1484564392804923
2 29 2.1189566183012842
2 30 2.118956618301311
2 31 2.1311663148311477
2 32 2.0989544127701434
2 33 2.14845643928049
2 34 2.118956618301298
2 35 2.1189566183013104
2 37 2.098954412770065
2 38 2.148456439280397
2 39 2.1189566183011794
2 40 2.1189566183011834
3 1 1.9375929701829715
3 2 3.538544017814109e-13
3 3 0.0
3 4 1.9375929701832066
3 5 4.427078640868497e-13
3 6 4.844962259864315e-13
3 7 1.9375929701831502
3 8 1.959901616770338e-13
3 9 2.300721008594118e-13
3 10 1.9375929701831163
3 11 2.8930105173673097e-13
3 12 6.283676956768597e-13
3 13 1.9375929701830619
3 14 3.7929201891688924e-13
3 15 3.2998830190581956e-13
3 16 2.131166314831001
3 36 2.13116631483103
3 17 2.1189566183010706
3 18 2.1189566183010586
3 19 2.1484564392802765
3 20 2.098954412769965
3 21 2.1311663148310176
3 22 2.11895661830112
3 23 2.118956618301105
3 24 2.1484564392803134
3 25 2.0989544127699564
3 26 2.1311663148310593
3 27 2.0989544127700066
3 28 2.1484564392803316
3 29 2.118956618301135
3 30 2.1189566183011617
3 31 2.131166314831011
3 32 2.098954412769974
3 33 2.148456439280329
3 34 2.118956618301149
3 35 2.118956618301161
3 37 2.0989544127698956
3 38 2.148456439280236
3 39 2.11895661830103
3 40 2.118956618301034
4 1 4.596130614459275e-13
4 2 1.9375929701831422
4 3 1.9375929701832066
4 4 0.0
4 5 1.937592970182974
4 6 1.9375929701829593
4 7 1.2325930338622305e-13
4 8 1.9375929701831236
4 9 1.9375929701831796
4 10 2.2866831376709313e-13
4 11 1.9375929701830947
4 12 1.9375929701829342
4 13 2.6547311926471986e-13
4 14 1.9375929701830867
4 15 1.937592970183131
4 16 3.04654997458791
4 36 3.046549974587944
4 17 3.1805499204972127
4 18 3.1805499204972025
4 19 3.2685720377872385
4 20 3.212071093284902
4 21 3.0465499745879216
4 22 3.180549920497258
4 23 3.1805499204972514
4 24 3.2685720377872665
4 25 3.2120710932848886
4 26 3.0465499745880016
4 27 3.212071093284931
4 28 3.2685720377872745
4 29 3.1805499204972527
4 30 3.180549920497285
4 31 3.0465499745879256
4 32 3.212071093284911
4 33 3.268572037787283
4 34 3.180549920497285
4 35 3.180549920497298
4 37 3.212071093284831
4 38 3.2685720377871963
4 39 3.180549920497175
4 40 3.18054992049718
5 1 1.9375929701827388
5 2 2.9500092619318494e-13
5 3 4.427078640868497e-13
5 4 1.937592970182974
5 5 0.0
5 6 2.2136018840440124e-13
5 7 1.9375929701829173
5 8 3.1303962798621014e-13
5 9 4.232075240110861e-13
5 10 1.9375929701828831
5 11 2.782286204932219e-13
5 12 2.630232016665074e-13
5 13 1.937592970182829
5 14 4.000804479819147e-13
5 15 3.2970011756843133e-13
5 16 2.131166314831273
5 36 2.131166314831302
5 17 2.1189566183013535
5 18 2.1189566183013415
5 19 2.148456439280592
5 20 2.0989544127702864
5 21 2.1311663148312894
5 22 2.1189566183014032
5 23 2.1189566183013877
5 24 2.1484564392806282
5 25 2.098954412770278
5 26 2.131166314831331
5 27 2.0989544127703277
5 28 2.1484564392806464
5 29 2.118956618301418
5 30 2.1189566183014445
5 31 2.1311663148312827
5 32 2.0989544127702957
5 33 2.148456439280644
5 34 2.1189566183014317
5 35 2.118956618301444
5 37 2.098954412770217
5 38 2.1484564392805505
5 39 2.1189566183013135
5 40 2.118956618301317
6 1 1.937592970182724
6 2 3.6919193232283767e-13
6 3 4.844962259864315e-13
6 4 1.9375929701829593
6 5 2.2136018840440124e-13
6 6 0.0
6 7 1.9375929701829024
6 8 3.0922915031075445e-13
6 9 4.828644461603367e-13
6 10 1.9375929701828685
6 11 3.486898335563185e-13
6 12 2.7250921869590683e-13
6 13 1.9375929701828143
6 14 3.02490171154986e-13
6 15 3.865761573615362e-13
6 16 2.1311663148312974
6 36 2.1311663148313262
6 17 2.118956618301436
6 18 2.118956618301424
6 19 2.1484564392806593
6 20 2.098954412770354
6 21 2.131166314831314
6 22 2.1189566183014854
6 23 2.1189566183014708
6 24 2.148456439280696
6 25 2.0989544127703454
6 26 2.131166314831355
6 27 2.0989544127703956
6 28 2.1484564392807144
6 29 2.1189566183015005
6 30 2.1189566183015276
6 31 2.131166314831307
6 32 2.098954412770363
6 33 2.1484564392807117
6 34 2.1189566183015143
6 35 2.1189566183015267
6 37 2.0989544127702846
6 38 2.1484564392806185
6 39 2.118956618301396
6 40 2.1189566183013997
7 1 3.9289479927000907e-13
7 2 1.9375929701830856
7 3 1.9375929701831502
7 4 1.2325930338622305e-13
7 5 1.9375929701829173
7 6 1.9375929701829024
7 7 0.0
7 8 1.937592970183067
7 9 1.937592970183123
7 10 2.1039186928746996e-13
7 11 1.937592970183038
7 12 1.9375929701828778
7 13 1.694949298667671e-13
7 14 1.9375929701830303
7 15 1.9375929701830745
7 16 3.046549974587838
7 36 3.0465499745878715
7 17 3.1805499204971386
7 18 3.180549920497129
7 19 3.268572037787161
7 20 3.212071093284824
7 21 3.046549974587849
7 22 3.1805499204971843
7 23 3.1805499204971777
7 24 3.268572037787189
7 25 3.2120710932848104
7 26 3.046549974587929
7 27 3.2120710932848526
7 28 3.268572037787197
7 29 3.1805499204971794
7 30 3.1805499204972114
7 31 3.0465499745878533
7 32 3.2120710932848326
7 33 3.268572037787206
7 34 3.180549920497212
7 35 3.1805499204972243
7 37 3.2120710932847527
7 38 3.2685720377871195
7 39 3.1805499204971013
7 40 3.180549920497107
8 1 1.9375929701828885
8 2 2.8239696012610585e-13
8 3 1.959901616770338e-13
8 4 1.9375929701831236
8 5 3.1303962798621014e-13
8 6 3.0922915031075445e-13
8 7 1.937592970183067
8 8 0.0
8 9 2.7315007092665444e-13
8 10 1.937592970183033
8 11 2.5845110241009174e-13
8 12 4.808575245956931e-13
8 13 1.9375929701829786
8 14 2.604865396277433e-13
8 15 2.685473684798769e-13
8 16 2.1311663148311077
8 36 2.1311663148311366
8 17 2.1189566183012056
8 18 2.1189566183011936
8 19 2.1484564392804226
8 20 2.0989544127701096
8 21 2.1311663148311246
8 22 2.1189566183012554
8 23 2.11895661830124
8 24 2.148456439280459
8 25 2.098954412770101
8 26 2.131166314831166
8 27 2.0989544127701514
8 28 2.1484564392804772
8 29 2.11895661830127
8 30 2.118956618301297
8 31 2.1311663148311175
8 32 2.098954412770119
8 33 2.1484564392804746
8 34 2.118956618301284
8 35 2.1189566183012962
8 37 2.098954412770041
8 38 2.1484564392803818
8 39 2.1189566183011657
8 40 2.118956618301169
9 1 1.9375929701829442
9 2 2.6818218492166003e-13
9 3 2.300721008594118e-13
9 4 1.9375929701831796
9 5 4.232075240110861e-13
9 6 4.828644461603367e-13
9 7 1.937592970183123
9 8 2.7315007092665444e-13
9 9 0.0
9 10 1.937592970183089
9 11 3.322941242003917e-13
9 12 6.230516990178667e-13
9 13 1.9375929701830348
9 14 3.2531969494471865e-13
9 15 2.137492496459467e-13
9 16 2.1311663148310473
9 36 2.131166314831076
9 17 2.118956618301155
9 18 2.1189566183011426
9 19 2.1484564392803516
9 20 2.0989544127700417
9 21 2.131166314831064
9 22 2.1189566183012047
9 23 2.118956618301189
9 24 2.148456439280388
9 25 2.0989544127700337
9 26 2.1311663148311055
9 27 2.0989544127700834
9 28 2.148456439280406
9 29 2.1189566183012194
9 30 2.1189566183012465
9 31 2.1311663148310567
9 32 2.0989544127700515
9 33 2.148456439280404
9 34 2.118956618301233
9 35 2.1189566183012456
9 37 2.098954412769973
9 38 2.1484564392803107
9 39 2.118956618301115
9 40 2.1189566183011186
10 1 3.8560733011863127e-13
10 2 1.9375929701830517
10 3 1.9375929701831163
10 4 2.2866831376709313e-13
10 5 1.9375929701828831
10 6 1.9375929701828685
10 7 2.1039186928746996e-13
10 8 1.937592970183033
10 9 1.937592970183089
10 10 0.0
10 11 1.9375929701830041
10 12 1.9375929701828436
10 13 2.244065275004941e-13
10 14 1.9375929701829964
10 15 1.9375929701830406
10 16 3.046549974587796
10 36 3.0465499745878297
10 17 3.1805499204970755
10 18 3.180549920497065
10 19 3.2685720377871044
10 20 3.2120710932847647
10 21 3.0465499745878075
10 22 3.180549920497121
10 23 3.180549920497114
10 24 3.2685720377871323
10 25 3.2120710932847514
10 26 3.046549974587887
10 27 3.2120710932847936
10 28 3.268572037787141
10 29 3.180549920497116
10 30 3.1805499204971475
10 31 3.0465499745878115
10 32 3.2120710932847736
10 33 3.26857203778715
10 34 3.180549920497148
10 35 3.1805499204971612
10 37 3.2120710932846936
10 38 3.268572037787063
10 39 3.1805499204970378
10 40 3.180549920497043
11 1 1.9375929701828596
11 2 3.0502655959104636e-13
11 3 2.8930105173673097e-13
11 4 1.9375929701830947
11 5 2.782286204932219e-13
11 6 3.486898335563185e-13
11 7 1.937592970183038
11 8 2.5845110241009174e-13
11 9 3.322941242003917e-13
11 10 1.9375929701830041
11 11 0.0
11 12 4.181582838042076e-13
11 13 1.93759297018295
11 14 3.8877344624980634e-13
11 15 3.2439376792159926e-13
11 16 2.13116631483116
11 36 2.1311663148311895
11 17 2.118956618301207
11 18 2.118956618301195
11 19 2.148456439280426
11 20 2.0989544127701185
11 21 2.131166314831177
11 22 2.1189566183012563
11 23 2.1189566183012407
11 24 2.148456439280463
11 25 2.09895441277011
11 26 2.1311663148312188
11 27 2.0989544127701603
11 28 2.148456439280481
11 29 2.1189566183012714
11 30 2.1189566183012984
11 31 2.13116631483117
11 32 2.098954412770128
11 33 2.1484564392804786
11 34 2.1189566183012847
11 35 2.118956618301297
11 37 2.0989544127700497
11 38 2.1484564392803853
11 39 2.1189566183011666
11 40 2.1189566183011705
12 1 1.937592970182699
12 2 4.1912480922280526e-13
12 3 6.283676956768597e-13
12 4 1.9375929701829342
12 5 2.630232016665074e-13
12 6 2.7250921869590683e-13
12 7 1.9375929701828778
12 8 4.808575245956931e-13
12 9 6.230516990178667e-13
12 10 1.9375929701828436
12 11 4.181582838042076e-13
12 12 0.0
12 13 1.9375929701827896
12 14 5.068588841205487e-13
12 15 4.748909820689252e-13
12 16 2.1311663148313738
12 36 2.1311663148314026
12 17 2.118956618301434
12 18 2.118956618301422
12 19 2.148456439280682
12 20 2.0989544127703854
12 21 2.13116631483139
12 22 2.1189566183014836
12 23 2.118956618301468
12 24 2.1484564392807184
12 25 2.098954412770377
12 26 2.131166314831432
12 27 2.098954412770427
12 28 2.1484564392807366
12 29 2.1189566183014983
12 30 2.118956618301525
12 31 2.131166314831383
12 32 2.0989544127703947
12 33 2.1484564392807344
12 34 2.118956618301512
12 35 2.1189566183015245
12 37 2.098954412770316
12 38 2.148456439280641
12 39 2.118956618301394
12 40 2.1189566183013975
13 1 2.980439332783324e-13
13 2 1.9375929701829975
13 3 1.9375929701830619
13 4 2.6547311926471986e-13
13 5 1.937592970182829
13 6 1.9375929701828143
13 7 1.694949298667671e-13
13 8 1.9375929701829786
13 9 1.9375929701830348
13 10 2.244065275004941e-13
13 11 1.93759297018295
13 12 1.9375929701827896
13 13 0.0
13 14 1.937592970182942
13 15 1.9375929701829862
13 16 3.0465499745877076
13 36 3.0465499745877413
13 17 3.180549920497019
13 18 3.1805499204970085
13 19 3.2685720377870346
13 20 3.2120710932846954
13 21 3.046549974587719
13 22 3.1805499204970644
13 23 3.1805499204970578
13 24 3.2685720377870626
13 25 3.212071093284682
13 26 3.046549974587799
13 27 3.2120710932847243
13 28 3.2685720377870706
13 29 3.1805499204970595
13 30 3.1805499204970915
13 31 3.046549974587723
13 32 3.2120710932847043
13 33 3.26857203778708
13 34 3.1805499204970915
13 35 3.1805499204971044
13 37 3.2120710932846244
13 38 3.268572037786993
13 39 3.1805499204969814
13 40 3.1805499204969867
14 1 1.9375929701828516
14 2 3.1438511106550685e-13
14 3 3.7929201891688924e-13
14 4 1.9375929701830867
14 5 4.000804479819147e-13
14 6 3.02490171154986e-13
14 7 1.9375929701830303
14 8 2.604865396277433e-13
14 9 3.2531969494471865e-13
14 10 1.9375929701829964
14 11 3.8877344624980634e-13
14 12 5.068588841205487e-13
14 13 1.937592970182942
14 14 0.0
14 15 2.68308785333932e-13
14 16 2.131166314831153
14 36 2.131166314831182
14 17 2.1189566183013286
14 18 2.118956618301317
14 19 2.148456439280528
14 20 2.098954412770216
14 21 2.13116631483117
14 22 2.118956618301379
14 23 2.1189566183013633
14 24 2.1484564392805647
14 25 2.098954412770208
14 26 2.131166314831211
14 27 2.098954412770258
14 28 2.1484564392805825
14 29 2.1189566183013935
14 30 2.11895661830142
14 31 2.131166314831163
14 32 2.0989544127702255
14 33 2.1484564392805803
14 34 2.1189566183014072
14 35 2.1189566183014192
14 37 2.098954412770147
14 38 2.148456439280487
14 39 2.118956618301289
14 40 2.1189566183012927
15 1 1.9375929701828958
15 2 1.0570665344671046e-13
15 3 3.2998830190581956e-13
15 4 1.937592970183131
15 5 3.2970011756843133e-13
15 6 3.865761573615362e-13
15 7 1.9375929701830745
15 8 2.685473684798769e-13
15 9 2.137492496459467e-13
15 10 1.9375929701830406
15 11 3.2439376792159926e-13
15 12 4.748909820689252e-13
15 13 1.9375929701829862
15 14 2.68308785333932e-13
15 15 0.0
15 16 2.1311663148311215
15 36 2.1311663148311504
15 17 2.1189566183012203
15 18 2.1189566183012087
15 19 2.148456439280436
15 20 2.098954412770126
15 21 2.131166314831138
15 22 2.11895661830127
15 23 2.1189566183012545
15 24 2.148456439280473
15 25 2.098954412770118
15 26 2.1311663148311797
15 27 2.098954412770168
15 28 2.1484564392804906
15 29 2.1189566183012847
15 30 2.1189566183013118
15 31 2.1311663148311313
15 32 2.098954412770136
15 33 2.1484564392804884
15 34 2.118956618301299
15 35 2.118956618301311
15 37 2.098954412770057
15 38 2.148456439280395
15 39 2.1189566183011803
15 40 2.1189566183011843
16 1 3.0465499745876112
16 2 2.131166314831138
16 3 2.131166314831001
16 4 3.04654997458791
16 5 2.131166314831273
16 6 2.1311663148312974
16 7 3.046549974587838
16 8 2.1311663148311077
16 9 2.1311663148310473
16 10 3.046549974587796
16 11 2.13116631483116
16 12 2.1311663148313738
16 13 3.0465499745877076
16 14 2.131166314831153
16 15 2.1311663148311215
16 16 0.0
16 36 1.896729832497525e-13
16 17 1.4708093373202547
16 18 1.4708093373202427
16 19 1.466264843069556
16 20 1.3365601605201816
16 21 2.8406597504525014e-13
16 22 1.4708093373202504
16 23 1.4708093373202091
16 24 1.4662648430695233
16 25 1.3365601605200872
16 26 2.5901886066748833e-13
16 27 1.3365601605201782
16 28 1.4662648430695728
16 29 1.4708093373202924
16 30 1.4708093373203193
16 31 1.9878780246986778e-13
16 32 1.3365601605201005
16 33 1.4662648430695564
16 34 1.4708093373202773
16 35 1.4708093373202904
16 37 1.3365601605200967
16 38 1.466264843069499
16 39 1.4708093373201854
16 40 1.4708093373201865
36 1 3.046549974587645
36 2 2.131166314831167
36 3 2.13116631483103
36 4 3.046549974587944
36 5 2.131166314831302
36 6 2.1311663148313262
36 7 3.0465499745878715
36 8 2.1311663148311366
36 9 2.131166314831076
36 10 3.0465499745878297
36 11 2.1311663148311895
36 12 2.1311663148314026
36 13 3.0465499745877413
36 14 2.131166314831182
36 15 2.1311663148311504
36 16 1.896729832497525e-13
36 36 0.0
36 17 1.4708093373203186
36 18 1.470809337320307
36 19 1.4662648430695986
36 20 1.3365601605202397
36 21 1.4602367410033248e-13
36 22 1.4708093373203146
36 23 1.470809337320273
36 24 1.4662648430695657
36 25 1.3365601605201451
36 26 1.5910698900287014e-13
36 27 1.3365601605202364
36 28 1.4662648430696155
36 29 1.4708093373203566
36 30 1.4708093373203834
36 31 1.3223880341130682e-13
36 32 1.3365601605201585
36 33 1.4662648430695988
36 34 1.4708093373203415
36 35 1.4708093373203546
36 37 1.336560160520155
36 38 1.4662648430695413
36 39 1.4708093373202495
36 40 1.4708093373202507
17 1 3.180549920496935
17 2 2.11895661830122
17 3 2.1189566183010706
17 4 3.1805499204972127
17 5 2.1189566183013535
17 6 2.118956618301436
17 7 3.1805499204971386
17 8 2.1189566183012056
17 9 2.118956618301155
17 10 3.1805499204970755
17 11 2.118956618301207
17 12 2.118956618301434
17 13 3.180549920497019
17 14 2.1189566183013286
17 15 2.1189566183012203
17 16 1.4708093373202547
17 36 1.4708093373203186
17 17 0.0
17 18 2.8292004518122193e-14
17 19 0.7259216567663729
17 20 0.521042538708191
17 21 1.4708093373203819
17 22 1.4846957502978896e-13
17 23 1.8380158732152207e-13
17 24 0.7259216567664284
17 25 0.5210425387082626
17 26 1.4708093373202697
17 27 0.5210425387081846
17 28 0.7259216567663758
17 29 2.0348661691903298e-13
17 30 2.0138708545902e-13
17 31 1.4708093373202797
17 32 0.5210425387082566
17 33 0.7259216567664019
17 34 1.6472487047800437e-13
17 35 1.7556411244335536e-13
17 37 0.521042538708246
17 38 0.7259216567664201
17 39 1.6749548522174205e-13
17 40 1.620415581218035e-13
18 1 3.180549920496925
18 2 2.118956618301208
18 3 2.1189566183010586
18 4 3.1805499204972025
18 5 2.1189566183013415
18 6 2.118956618301424
18 7 3.180549920497129
18 8 2.1189566183011936
18 9 2.1189566183011426
18 10 3.180549920497065
18 11 2.118956618301195
18 12 2.118956618301422
18 13 3.1805499204970085
18 14 2.118956618301317
18 15 2.1189566183012087
18 16 1.4708093373202427
18 36 1.470809337320307
18 17 2.8292004518122193e-14
18 18 0.0
18 19 0.7259216567663712
18 20 0.5210425387081874
18 21 1.4708093373203703
18 22 1.58245696211151e-13
18 23 1.8194320981390968e-13
18 24 0.7259216567664266
18 25 0.5210425387082591
18 26 1.4708093373202582
18 27 0.5210425387081811
18 28 0.7259216567663742
18 29 2.1612190751754353e-13
18 30 2.2199466947575657e-13
18 31 1.4708093373202682
18 32 0.5210425387082529
18 33 0.7259216567664001
18 34 1.808584998701826e-13
18 35 1.9393561020159357e-13
18 37 0.5210425387082425
18 38 0.7259216567664183
18 39 1.5344831819224253e-13
18 40 1.5170991633674988e-13
19 1 3.268572037786939
19 2 2.1484564392804377
19 3 2.1484564392802765
19 4 3.2685720377872385
19 5 2.148456439280592
19 6 2.1484564392806593
19 7 3.268572037787161
19 8 2.1484564392804226
19 9 2.1484564392803516
19 10 3.2685720377871044
19 11 2.148456439280426
19 12 2.148456439280682
19 13 3.2685720377870346
19 14 2.148456439280528
19 15 2.148456439280436
19 16 1.466264843069556
19 36 1.4662648430695986
19 17 0.7259216567663729
19 18 0.7259216567663712
19 19 0.0
19 20 0.667644252379236
19 21 1.4662648430696432
19 22 0.725921656766366
19 23 0.7259216567663477
19 24 2.8401044427455976e-13
19 25 0.6676442523792306
19 26 1.466264843069538
19 27 0.6676442523792322
19 28 2.2084252502406916e-13
19 29 0.7259216567664054
19 30 0.7259216567663989
19 31 1.466264843069561
19 32 0.667644252379226
19 33 2.2383099406671979e-13
19 34 0.7259216567663773
19 35 0.7259216567663794
19 37 0.6676442523792353
19 38 1.7140055853244758e-13
19 39 0.7259216567663461
19 40 0.7259216567663346
20 1 3.2120710932846017
20 2 2.098954412770134
20 3 2.098954412769965
20 4 3.212071093284902
20 5 2.0989544127702864
20 6 2.098954412770354
20 7 3.212071093284824
20 8 2.0989544127701096
20 9 2.0989544127700417
20 10 3.2120710932847647
20 11 2.0989544127701185
20 12 2.0989544127703854
20 13 3.2120710932846954
20 14 2.098954412770216
20 15 2.098954412770126
20 16 1.3365601605201816
20 36 1.3365601605202397
20 17 0.521042538708191
20 18 0.5210425387081874
20 19 0.667644252379236
20 20 0.0
20 21 1.3365601605203064
20 22 0.5210425387081915
20 23 0.5210425387081657
20 24 0.667644252379238
20 25 2.1921560664698317e-13
20 26 1.3365601605201904
20 27 1.4567044931969656e-13
20 28 0.6676442523792351
20 29 0.5210425387082442
20 30 0.5210425387082389
20 31 1.3365601605202153
20 32 1.978739745085621e-13
20 33 0.6676442523792351
20 34 0.5210425387082045
20 35 0.5210425387082096
20 37 1.8737651111155574e-13
20 38 0.6676442523792488
20 39 0.5210425387081594
20 40 0.5210425387081494
21 1 3.0465499745876228
21 2 2.131166314831155
21 3 2.1311663148310176
21 4 3.0465499745879216
21 5 2.1311663148312894
21 6 2.131166314831314
21 7 3.046549974587849
21 8 2.1311663148311246
21 9 2.131166314831064
21 10 3.0465499745878075
21 11 2.131166314831177
21 12 2.13116631483139
21 13 3.046549974587719
21 14 2.13116631483117
21 15 2.131166314831138
21 16 2.8406597504525014e-13
21 36 1.4602367410033248e-13
21 17 1.4708093373203819
21 18 1.4708093373203703
21 19 1.4662648430696432
21 20 1.3365601605203064
21 21 0.0
21 22 1.4708093373203779
21 23 1.4708093373203366
21 24 1.4662648430696104
21 25 1.3365601605202118
21 26 2.1926014365955842e-13
21 27 1.336560160520303
21 28 1.4662648430696599
21 29 1.47080933732042
21 30 1.4708093373204467
21 31 1.7603722451361923e-13
21 32 1.336560160520225
21 33 1.4662648430696434
21 34 1.4708093373204048
21 35 1.470809337320418
21 37 1.3365601605202215
21 38 1.466264843069586
21 39 1.4708093373203128
21 40 1.4708093373203142
22 1 3.180549920496981
22 2 2.118956618301269
22 3 2.11895661830112
22 4 3.180549920497258
22 5 2.1189566183014032
22 6 2.1189566183014854
22 7 3.1805499204971843
22 8 2.1189566183012554
22 9 2.1189566183012047
22 10 3.180549920497121
22 11 2.1189566183012563
22 12 2.1189566183014836
22 13 3.1805499204970644
22 14 2.118956618301379
22 15 2.11895661830127
22 16 1.4708093373202504
22 36 1.4708093373203146
22 17 1.4846957502978896e-13
22 18 1.58245696211151e-13
22 19 0.725921656766366
22 20 0.5210425387081915
22 21 1.4708093373203779
22 22 0.0
22 23 8.169895105618928e-14
22 24 0.7259216567664216
22 25 0.5210425387082631
22 26 1.470809337320266
22 27 0.5210425387081852
22 28 0.7259216567663691
22 29 9.845517255921205e-14
22 30 1.181166027381329e-13
22 31 1.4708093373202757
22 32 0.521042538708257
22 33 0.725921656766395
22 34 8.135154195591209e-14
22 35 1.0158879382504531e-13
22 37 0.5210425387082466
22 38 0.7259216567664132
22 39 1.8049979329278265e-13
22 40 1.7365176829207913e-13
23 1 3.180549920496974
23 2 2.118956618301254
23 3 2.118956618301105
23 4 3.1805499204972514
23 5 2.1189566183013877
23 6 2.1189566183014708
23 7 3.1805499204971777
23 8 2.11895661830124
23 9 2.118956618301189
23 10 3.180549920497114
23 11 2.1189566183012407
23 12 2.118956618301468
23 13 3.1805499204970578
23 14 2.1189566183013633
23 15 2.1189566183012545
23 16 1.4708093373202091
23 36 1.470809337320273
23 17 1.8380158732152207e-13
23 18 1.8194320981390968e-13
23 19 0.7259216567663477
23 20 0.5210425387081657
23 21 1.4708093373203366
23 22 8.169895105618928e-14
23 23 0.0
23 24 0.7259216567664032
23 25 0.5210425387082374
23 26 1.4708093373202245
23 27 0.5210425387081594
23 28 0.7259216567663507
23 29 1.5273445490105267e-13
23 30 1.9288702060100236e-13
23 31 1.4708093373202344
23 32 0.5210425387082311
23 33 0.7259216567663765
23 34 1.5007740192165665e-13
23 35 1.724024105135016e-13
23 37 0.5210425387082207
23 38 0.7259216567663949
23 39 1.4388203874584707e-13
23 40 1.4338104478118611e-13
24 1 3.268572037786967
24 2 2.1484564392804746
24 3 2.1484564392803134
24 4 3.2685720377872665
24 5 2.1484564392806282
24 6 2.148456439280696
24 7 3.268572037787189
24 8 2.148456439280459
24 9 2.148456439280388
24 10 3.2685720377871323
24 11 2.148456439280463
24 12 2.1484564392807184
24 13 3.2685720377870626
24 14 2.1484564392805647
24 15 2.148456439280473
24 16 1.4662648430695233
24 36 1.4662648430695657
24 17 0.7259216567664284
24 18 0.7259216567664266
24 19 2.8401044427455976e-13
24 20 0.667644252379238
24 21 1.4662648430696104
24 22 0.7259216567664216
24 23 0.7259216567664032
24 24 0.0
24 25 0.6676442523792326
24 26 1.466264843069505
24 27 0.6676442523792342
24 28 1.4644399851010344e-13
24 29 0.7259216567664608
24 30 0.7259216567664544
24 31 1.4662648430695282
24 32 0.667644252379228
24 33 1.0902382991570292e-13
24 34 0.7259216567664328
24 35 0.7259216567664349
24 37 0.6676442523792373
24 38 2.5022719238232434e-13
24 39 0.7259216567664016
24 40 0.7259216567663901
25 1 3.2120710932845884
25 2 2.0989544127701256
25 3 2.0989544127699564
25 4 3.2120710932848886
25 5 2.098954412770278
25 6 2.0989544127703454
25 7 3.2120710932848104
25 8 2.098954412770101
25 9 2.0989544127700337
25 10 3.2120710932847514
25 11 2.09895441277011
25 12 2.098954412770377
25 13 3.212071093284682
25 14 2.098954412770208
25 15 2.098954412770118
25 16 1.3365601605200872
25 36 1.3365601605201451
25 17 0.5210425387082626
25 18 0.5210425387082591
25 19 0.6676442523792306
25 20 2.1921560664698317e-13
25 21 1.3365601605202118
25 22 0.5210425387082631
25 23 0.5210425387082374
25 24 0.6676442523792326
25 25 0.0
25 26 1.3365601605200959
25 27 1.8096479282029409e-13
25 28 0.6676442523792299
25 29 0.5210425387083158
25 30 0.5210425387083106
25 31 1.336560160520121
25 32 9.286904237918085e-14
25 33 0.6676442523792299
25 34 0.5210425387082762
25 35 0.5210425387082813
25 37 1.539572377634942e-13
25 38 0.6676442523792437
25 39 0.521042538708231
25 40 0.5210425387082211
26 1 3.0465499745877027
26 2 2.131166314831196
26 3 2.1311663148310593
26 4 3.0465499745880016
26 5 2.131166314831331
26 6 2.131166314831355
26 7 3.046549974587929
26 8 2.131166314831166
26 9 2.1311663148311055
26 10 3.046549974587887
26 11 2.1311663148312188
26 12 2.131166314831432
26 13 3.046549974587799
26 14 2.131166314831211
26 15 2.1311663148311797
26 16 2.5901886066748833e-13
26 36 1.5910698900287014e-13
26 17 1.4708093373202697
26 18 1.4708093373202582
26 19 1.466264843069538
26 20 1.3365601605201904
26 21 2.1926014365955842e-13
26 22 1.470809337320266
26 23 1.4708093373202245
26 24 1.466264843069505
26 25 1.3365601605200959
26 26 0.0
26 27 1.3365601605201871
26 28 1.4662648430695546
26 29 1.470809337320308
26 30 1.4708093373203348
26 31 1.157879393199637e-13
26 32 1.3365601605201092
26 33 1.466264843069538
26 34 1.4708093373202928
26 35 1.470809337320306
26 37 1.3365601605201056
26 38 1.4662648430694805
26 39 1.470809337320201
26 40 1.4708093373202022
27 1 3.212071093284631
27 2 2.098954412770176
27 3 2.0989544127700066
27 4 3.212071093284931
27 5 2.0989544127703277
27 6 2.0989544127703956
27 7 3.2120710932848526
27 8 2.0989544127701514
27 9 2.0989544127700834
27 10 3.2120710932847936
27 11 2.0989544127701603
27 12 2.098954412770427
27 13 3.2120710932847243
27 14 2.098954412770258
27 15 2.098954412770168
27 16 1.3365601605201782
27 36 1.3365601605202364
27 17 0.5210425387081846
27 18 0.5210425387081811
27 19 0.6676442523792322
27 20 1.4567044931969656e-13
27 21 1.336560160520303
27 22 0.5210425387081852
27 23 0.5210425387081594
27 24 0.6676442523792342
27 25 1.8096479282029409e-13
27 26 1.3365601605201871
27 27 0.0
27 28 0.6676442523792313
27 29 0.5210425387082379
27 30 0.5210425387082327
27 31 1.3365601605202122
27 32 1.6507140855074752e-13
27 33 0.6676442523792313
27 34 0.5210425387081982
27 35 0.5210425387082034
27 37 2.3518685042794897e-13
27 38 0.6676442523792452
27 39 0.521042538708153
27 40 0.5210425387081431
28 1 3.2685720377869756
28 2 2.1484564392804923
28 3 2.1484564392803316
28 4 3.2685720377872745
28 5 2.1484564392806464
28 6 2.1484564392807144
28 7 3.268572037787197
28 8 2.1484564392804772
28 9 2.148456439280406
28 10 3.268572037787141
28 11 2.148456439280481
28 12 2.1484564392807366
28 13 3.2685720377870706
28 14 2.1484564392805825
28 15 2.1484564392804906
28 16 1.4662648430695728
28 36 1.4662648430696155
28 17 0.7259216567663758
28 18 0.7259216567663742
28 19 2.2084252502406916e-13
28 20 0.6676442523792351
28 21 1.4662648430696599
28 22 0.7259216567663691
28 23 0.7259216567663507
28 24 1.4644399851010344e-13
28 25 0.6676442523792299
28 26 1.4662648430695546
28 27 0.6676442523792313
28 28 0.0
28 29 0.7259216567664084
28 30 0.7259216567664019
28 31 1.4662648430695777
28 32 0.6676442523792251
28 33 9.489228772894482e-14
28 34 0.7259216567663803
28 35 0.7259216567663824
28 37 0.6676442523792344
28 38 2.5879603804426314e-13
28 39 0.7259216567663492
28 40 0.7259216567663377
29 1 3.1805499204969756
29 2 2.1189566183012842
29 3 2.118956618301135
29 4 3.1805499204972527
29 5 2.118956618301418
29 6 2.1189566183015005
29 7 3.1805499204971794
29 8 2.11895661830127
29 9 2.1189566183012194
29 10 3.180549920497116
29 11 2.1189566183012714
29 12 2.1189566183014983
29 13 3.1805499204970595
29 14 2.1189566183013935
29 15 2.1189566183012847
29 16 1.4708093373202924
29 36 1.4708093373203566
29 17 2.0348661691903298e-13
29 18 2.1612190751754353e-13
29 19 0.7259216567664054
29 20 0.5210425387082442
29 21 1.47080933732042
29 22 9.845517255921205e-14
29 23 1.5273445490105267e-13
29 24 0.7259216567664608
29 25 0.5210425387083158
29 26 1.470809337320308
29 27 0.5210425387082379
29 28 0.7259216567664084
29 29 0.0
29 30 7.926548521048775e-14
29 31 1.470809337320318
29 32 0.5210425387083099
29 33 0.7259216567664343
29 34 1.0987527863127166e-13
29 35 1.1929917931733977e-13
29 37 0.5210425387082993
29 38 0.7259216567664526
29 39 2.351212633469527e-13
29 40 2.343141243218936e-13
30 1 3.180549920497008
30 2 2.118956618301311
30 3 2.1189566183011617
30 4 3.180549920497285
30 5 2.1189566183014445
30 6 2.1189566183015276
30 7 3.1805499204972114
30 8 2.118956618301297
30 9 2.1189566183012465
30 10 3.1805499204971475
30 11 2.1189566183012984
30 12 2.118956618301525
30 13 3.1805499204970915
30 14 2.11895661830142
30 15 2.1189566183013118
30 16 1.4708093373203193
30 36 1.4708093373203834
30 17 2.0138708545902e-13
30 18 2.2199466947575657e-13
30 19 0.7259216567663989
30 20 0.5210425387082389
30 21 1.4708093373204467
30 22 1.181166027381329e-13
30 23 1.9288702060100236e-13
30 24 0.7259216567664544
30 25 0.5210425387083106
30 26 1.4708093373203348
30 27 0.5210425387082327
30 28 0.7259216567664019
30 29 7.926548521048775e-14
30 30 0.0
30 31 1.4708093373203446
30 32 0.5210425387083045
30 33 0.7259216567664277
30 34 9.563754093043336e-14
30 35 8.854405550352503e-14
30 37 0.521042538708294
30 38 0.725921656766446
30 39 2.7273050469473483e-13
30 40 2.637880843697582e-13
31 1 3.0465499745876268
31 2 2.1311663148311477
31 3 2.131166314831011
31 4 3.0465499745879256
31 5 2.1311663148312827
31 6 2.131166314831307
31 7 3.0465499745878533
31 8 2.1311663148311175
31 9 2.1311663148310567
31 10 3.0465499745878115
31 11 2.13116631483117
31 12 2.131166314831383
31 13 3.046549974587723
31 14 2.131166314831163
31 15 2.1311663148311313
31 16 1.9878780246986778e-13
31 36 1.3223880341130682e-13
31 17 1.4708093373202797
31 18 1.4708093373202682
31 19 1.466264843069561
31 20 1.3365601605202153
31 21 1.7603722451361923e-13
31 22 1.4708093373202757
31 23 1.4708093373202344
31 24 1.4662648430695282
31 25 1.336560160520121
31 26 1.157879393199637e-13
31 27 1.3365601605202122
31 28 1.4662648430695777
31 29 1.470809337320318
31 30 1.4708093373203446
31 31 0.0
31 32 1.3365601605201343
31 33 1.466264843069561
31 34 1.4708093373203028
31 35 1.4708093373203157
31 37 1.3365601605201307
31 38 1.4662648430695036
31 39 1.4708093373202107
31 40 1.470809337320212
32 1 3.2120710932846106
32 2 2.0989544127701434
32 3 2.098954412769974
32 4 3.212071093284911
32 5 2.0989544127702957
32 6 2.098954412770363
32 7 3.2120710932848326
32 8 2.098954412770119
32 9 2.0989544127700515
32 10 3.2120710932847736
32 11 2.098954412770128
32 12 2.0989544127703947
32 13 3.2120710932847043
32 14 2.0989544127702255
32 15 2.098954412770136
32 16 1.3365601605201005
32 36 1.3365601605201585
32 17 0.5210425387082566
32 18 0.5210425387082529
32 19 0.667644252379226
32 20 1.978739745085621e-13
32 21 1.336560160520225
32 22 0.521042538708257
32 23 0.5210425387082311
32 24 0.667644252379228
32 25 9.286904237918085e-14
32 26 1.3365601605201092
32 27 1.6507140855074752e-13
32 28 0.6676442523792251
32 29 0.5210425387083099
32 30 0.5210425387083045
32 31 1.3365601605201343
32 32 0.0
32 33 0.6676442523792251
32 34 0.5210425387082701
32 35 0.5210425387082752
32 37 1.9398358059463091e-13
32 38 0.667644252379239
32 39 0.5210425387082249
32 40 0.521042538708215
33 1 3.268572037786985
33 2 2.14845643928049
33 3 2.148456439280329
33 4 3.268572037787283
33 5 2.148456439280644
33 6 2.1484564392807117
33 7 3.268572037787206
33 8 2.1484564392804746
33 9 2.148456439280404
33 10 3.26857203778715
33 11 2.1484564392804786
33 12 2.1484564392807344
33 13 3.26857203778708
33 14 2.1484564392805803
33 15 2.1484564392804884
33 16 1.4662648430695564
33 36 1.4662648430695988
33 17 0.7259216567664019
33 18 0.7259216567664001
33 19 2.2383099406671979e-13
33 20 0.6676442523792351
33 21 1.4662648430696434
33 22 0.725921656766395
33 23 0.7259216567663765
33 24 1.0902382991570292e-13
33 25 0.6676442523792299
33 26 1.466264843069538
33 27 0.6676442523792313
33 28 9.489228772894482e-14
33 29 0.7259216567664343
33 30 0.7259216567664277
33 31 1.466264843069561
33 32 0.6676442523792251
33 33 0.0
33 34 0.7259216567664062
33 35 0.7259216567664084
33 37 0.6676442523792344
33 38 2.5761476788379016e-13
33 39 0.7259216567663751
33 40 0.7259216567663636
34 1 3.180549920497008
34 2 2.118956618301298
34 3 2.118956618301149
34 4 3.180549920497285
34 5 2.1189566183014317
34 6 2.1189566183015143
34 7 3.180549920497212
34 8 2.118956618301284
34 9 2.118956618301233
34 10 3.180549920497148
34 11 2.1189566183012847
34 12 2.118956618301512
34 13 3.1805499204970915
34 14 2.1189566183014072
34 15 2.118956618301299
34 16 1.4708093373202773
34 36 1.4708093373203415
34 17 1.6472487047800437e-13
34 18 1.808584998701826e-13
34 19 0.7259216567663773
34 20 0.5210425387082045
34 21 1.4708093373204048
34 22 8.135154195591209e-14
34 23 1.5007740192165665e-13
34 24 0.7259216567664328
34 25 0.5210425387082762
34 26 1.4708093373202928
34 27 0.5210425387081982
34 28 0.7259216567663803
34 29 1.0987527863127166e-13
34 30 9.563754093043336e-14
34 31 1.4708093373203028
34 32 0.5210425387082701
34 33 0.7259216567664062
34 34 0.0
34 35 2.569242415607945e-14
34 37 0.5210425387082596
34 38 0.7259216567664245
34 39 2.4515921639093627e-13
34 40 2.3899550249193266e-13
35 1 3.180549920497021
35 2 2.1189566183013104
35 3 2.118956618301161
35 4 3.180549920497298
35 5 2.118956618301444
35 6 2.1189566183015267
35 7 3.1805499204972243
35 8 2.1189566183012962
35 9 2.1189566183012456
35 10 3.1805499204971612
35 11 2.118956618301297
35 12 2.1189566183015245
35 13 3.1805499204971044
35 14 2.1189566183014192
35 15 2.118956618301311
35 16 1.4708093373202904
35 36 1.4708093373203546
35 17 1.7556411244335536e-13
35 18 1.9393561020159357e-13
35 19 0.7259216567663794
35 20 0.5210425387082096
35 21 1.470809337320418
35 22 1.0158879382504531e-13
35 23 1.724024105135016e-13
35 24 0.7259216567664349
35 25 0.5210425387082813
35 26 1.470809337320306
35 27 0.5210425387082034
35 28 0.7259216567663824
35 29 1.1929917931733977e-13
35 30 8.854405550352503e-14
35 31 1.4708093373203157
35 32 0.5210425387082752
35 33 0.7259216567664084
35 34 2.569242415607945e-14
35 35 0.0
35 37 0.5210425387082647
35 38 0.7259216567664266
35 39 2.6565262612007983e-13
35 40 2.581625205812591e-13
37 1 3.212071093284531
37 2 2.098954412770065
37 3 2.0989544127698956
37 4 3.212071093284831
37 5 2.098954412770217
37 6 2.0989544127702846
37 7 3.2120710932847527
37 8 2.098954412770041
37 9 2.098954412769973
37 10 3.2120710932846936
37 11 2.0989544127700497
37 12 2.098954412770316
37 13 3.2120710932846244
37 14 2.098954412770147
37 15 2.098954412770057
37 16 1.3365601605200967
37 36 1.336560160520155
37 17 0.521042538708246
37 18 0.5210425387082425
37 19 0.6676442523792353
37 20 1.8737651111155574e-13
37 21 1.3365601605202215
37 22 0.5210425387082466
37 23 0.5210425387082207
37 24 0.6676442523792373
37 25 1.539572377634942e-13
37 26 1.3365601605201056
37 27 2.3518685042794897e-13
37 28 0.6676442523792344
37 29 0.5210425387082993
37 30 0.521042538708294
37 31 1.3365601605201307
37 32 1.9398358059463091e-13
37 33 0.6676442523792344
37 34 0.5210425387082596
37 35 0.5210425387082647
37 37 0.0
37 38 0.6676442523792483
37 39 0.5210425387082144
37 40 0.5210425387082045
38 1 3.2685720377868974
38 2 2.148456439280397
38 3 2.148456439280236
38 4 3.2685720377871963
38 5 2.1484564392805505
38 6 2.1484564392806185
38 7 3.2685720377871195
38 8 2.1484564392803818
38 9 2.1484564392803107
38 10 3.268572037787063
38 11 2.1484564392803853
38 12 2.148456439280641
38 13 3.268572037786993
38 14 2.148456439280487
38 15 2.148456439280395
38 16 1.466264843069499
38 36 1.4662648430695413
38 17 0.7259216567664201
38 18 0.7259216567664183
38 19 1.7140055853244758e-13
38 20 0.6676442523792488
38 21 1.466264843069586
38 22 0.7259216567664132
38 23 0.7259216567663949
38 24 2.5022719238232434e-13
38 25 0.6676442523792437
38 26 1.4662648430694805
38 27 0.6676442523792452
38 28 2.5879603804426314e-13
38 29 0.7259216567664526
38 30 0.725921656766446
38 31 1.4662648430695036
38 32 0.667644252379239
38 33 2.5761476788379016e-13
38 34 0.7259216567664245
38 35 0.7259216567664266
38 37 0.6676442523792483
38 38 0.0
38 39 0.7259216567663934
38 40 0.7259216567663818
39 1 3.180549920496898
39 2 2.1189566183011794
39 3 2.11895661830103
39 4 3.180549920497175
39 5 2.1189566183013135
39 6 2.118956618301396
39 7 3.1805499204971013
39 8 2.1189566183011657
39 9 2.118956618301115
39 10 3.1805499204970378
39 11 2.1189566183011666
39 12 2.118956618301394
39 13 3.1805499204969814
39 14 2.118956618301289
39 15 2.1189566183011803
39 16 1.4708093373201854
39 36 1.4708093373202495
39 17 1.6749548522174205e-13
39 18 1.5344831819224253e-13
39 19 0.7259216567663461
39 20 0.5210425387081594
39 21 1.4708093373203128
39 22 1.8049979329278265e-13
39 23 1.4388203874584707e-13
39 24 0.7259216567664016
39 25 0.521042538708231
39 26 1.470809337320201
39 27 0.521042538708153
39 28 0.7259216567663492
39 29 2.351212633469527e-13
39 30 2.7273050469473483e-13
39 31 1.4708093373202107
39 32 0.5210425387082249
39 33 0.7259216567663751
39 34 2.4515921639093627e-13
39 35 2.6565262612007983e-13
39 37 0.5210425387082144
39 38 0.7259216567663934
39 39 0.0
39 40 3.811316982642935e-14
40 1 3.180549920496903
40 2 2.1189566183011834
40 3 2.118956618301034
40 4 3.18054992049718
40 5 2.118956618301317
40 6 2.1189566183013997
40 7 3.180549920497107
40 8 2.118956618301169
40 9 2.1189566183011186
40 10 3.180549920497043
40 11 2.1189566183011705
40 12 2.1189566183013975
40 13 3.1805499204969867
40 14 2.1189566183012927
40 15 2.1189566183011843
40 16 1.4708093373201865
40 36 1.4708093373202507
40 17 1.620415581218035e-13
40 18 1.5170991633674988e-13
40 19 0.7259216567663346
40 20 0.5210425387081494
40 21 1.4708093373203142
40 22 1.7365176829207913e-13
40 23 1.4338104478118611e-13
40 24 0.7259216567663901
40 25 0.5210425387082211
40 26 1.4708093373202022
40 27 0.5210425387081431
40 28 0.7259216567663377
40 29 2.343141243218936e-13
40 30 2.637880843697582e-13
40 31 1.470809337320212
40 32 0.521042538708215
40 33 0.7259216567663636
40 34 2.3899550249193266e-13
40 35 2.581625205812591e-13
40 37 0.5210425387082045
40 38 0.7259216567663818
40 39 3.811316982642935e-14
40 40 0.0
