,1,2,3,4,5,6,7,8,9,10,11,12,13,14,15,16,17,18,19,20,21,22,23,24,25,26,27,28,29,30,31,32,33,34,35,36,37,38,39,40,41,42,43,44,45,46,47,48,49,50,51,52,53,54,55,56,57,58,59,60,61,62,63,64,65,66,67,68
1,0.0,0.14873177667615686,0.16233008517741118,0.21992183851432734,0.32180085521747365,0.2686308694031514,0.2686308694031512,0.2952851518977666,0.3367130192310239,0.3973666858869652,0.32180085521747415,0.46644931352616786,0.39133612470637563,0.2938468573652123,0.41709491684619526,0.41709491684619515,0.4082787646566109,0.3987618280350242,0.41709491684619515,0.3692194835690221,0.41709491684619515,0.3987618280350235,0.4170949168461951,0.2986469454267153,0.3332682534227959,0.3328494999285928,0.3989575735759352,0.3050441652565499,0.35305711655703936,0.31737120518373657,0.35969745501890865,0.26800272237035166,0.10815374535098093,0.09625945201352669,0.298646945426716,0.31737120518373746,0.0,0.1623300851774019,0.14873177667615076,0.39876182803501903,0.336713019231018,0.09625945201350711,0.2952851518977626,0.33326825342279603,0.30504416525655015,0.41709491684619565,0.41709491684619526,0.2680027223703516,0.39876182803501903,0.26863086940314074,0.1081537453509725,0.4082787646566047,0.3218008552174655,0.369219483569019,0.26863086940314074,0.3530571165570395,0.3328494999285918,0.3973666858869631,0.21992183851432384,0.29384685736520877,0.4170949168461955,0.39133612470637075,0.32180085521746543,0.4170949168461952,0.359697455018906,0.41709491684619526,0.46644931352616203,0.3989575735759353
2,0.14873177667615686,0.0,0.10990578303224809,0.0846145323366704,0.21553591298765182,0.17413648149489722,0.17413648149489724,0.16545128614301313,0.24178182823906938,0.2787683856353582,0.2155359129876519,0.3545026399366581,0.2779476838244404,0.200813549238272,0.3047955993627421,0.3047955993627417,0.2995829842467946,0.28745340550365234,0.30479559936274203,0.2692568755514869,0.3047955993627421,0.28745340550365156,0.30479559936274164,0.20515776933662025,0.20688374684664676,0.20506608682159727,0.28821346731415853,0.19996988104028798,0.24228454753311598,0.21468388577962155,0.24836151561388398,0.1980131973229522,0.10730934767106133,0.1779328320767866,0.20515776933662025,0.21468388577962227,0.14873177667614837,0.10990578303223501,0.0,0.2874534055036513,0.2417818282390657,0.17793283207678465,0.16545128614301385,0.20688374684664723,0.19996988104028812,0.30479559936274236,0.30479559936274186,0.1980131973229538,0.2874534055036513,0.1741364814948956,0.10730934767105349,0.29958298424678903,0.21553591298765043,0.2692568755514863,0.1741364814948956,0.24228454753311507,0.20506608682159644,0.2787683856353562,0.08461453233667142,0.20081354923827172,0.3047955993627421,0.2779476838244397,0.21553591298765035,0.304795599362742,0.2483615156138822,0.30479559936274203,0.35450263993665715,0.2882134673141589
3,0.16233008517741118,0.10990578303224809,0.0,0.12732852649181908,0.2288885018740424,0.19799264637041095,0.1979926463704111,0.1890115500823545,0.188936705575038,0.2730636427102897,0.2288885018740423,0.3728112573839953,0.2990960407323989,0.14317234273640342,0.2941073827486021,0.2941073827486018,0.3512306381496339,0.301125520397565,0.29410738274860193,0.22543295350225898,0.2941073827486022,0.3011255203975644,0.29410738274860176,0.1741511011899767,0.2920478713297069,0.2888644646824599,0.28506591275661886,0.16493536374515572,0.2169265282590237,0.19642181851652687,0.2235864873698532,0.1168035213444401,0.10205263235627964,0.20948021499171862,0.174151101189978,0.1964218185165282,0.1623300851774034,0.0,0.10990578303225113,0.301125520397563,0.1889367055750352,0.20948021499171746,0.18901155008235332,0.2920478713297078,0.16493536374515622,0.2941073827486027,0.29410738274860243,0.11680352134444139,0.30112552039756296,0.1979926463704092,0.10205263235627074,0.3512306381496299,0.22888850187404075,0.22543295350225773,0.19799264637040895,0.21692652825902387,0.288864464682459,0.2730636427102882,0.1273285264918177,0.1431723427364018,0.29410738274860243,0.2990960407323976,0.22888850187404064,0.2941073827486024,0.22358648736985146,0.2941073827486023,0.3728112573839936,0.28506591275661963
4,0.21992183851432734,0.0846145323366704,0.12732852649181908,0.0,0.15414717852996648,0.12935535930119843,0.12935535930119865,0.0853510731424191,0.16835624262303817,0.20083690523546202,0.15414717852996665,0.2881633548251925,0.21251670941930867,0.13122951735879546,0.23613289728777523,0.23613289728777487,0.2645539343106736,0.2202557914459385,0.23613289728777517,0.19197740788576514,0.2361328972877751,0.22025579144593765,0.2361328972877747,0.14747265827357967,0.17372339569590203,0.16990229585944877,0.22318236858492044,0.12685086944868246,0.16565079427513615,0.15284289676607643,0.17160816138888715,0.14359335148343497,0.16750449920984173,0.255853176974364,0.14747265827357847,0.15284289676607676,0.21992183851432168,0.12732852649181628,0.08461453233667222,0.22025579144593674,0.16835624262303223,0.25585317697436266,0.08535107314241913,0.17372339569590267,0.12685086944868312,0.23613289728777553,0.23613289728777498,0.14359335148343966,0.2202557914459367,0.12935535930119618,0.16750449920983812,0.26455393431066826,0.15414717852996465,0.19197740788576417,0.12935535930119596,0.16565079427513538,0.16990229585944686,0.20083690523545936,0.0,0.13122951735879274,0.2361328972877752,0.21251670941930748,0.15414717852996468,0.23613289728777506,0.1716081613888848,0.23613289728777506,0.2881633548251913,0.22318236858492096
5,0.32180085521747365,0.21553591298765182,0.2288885018740424,0.15414717852996648,0.0,0.06352996830235512,0.06352996830235601,0.10336824577735575,0.1666701472142442,0.12910440058797076,0.0,0.16286373046402697,0.08140911672558572,0.16269653256018443,0.12582312888967767,0.12582312888967717,0.17197146265634436,0.08854766113678922,0.12582312888967753,0.15792613015219004,0.125823128889677,0.08854766113678708,0.1258231288896764,0.12783855123272947,0.1523916120987978,0.14760520118359113,0.09966708165609654,0.10644421120259681,0.10669440761212944,0.09097322860357421,0.11712565632190453,0.19493512786639056,0.24988110385057719,0.3358727491696677,0.1278385512327279,0.09097322860357097,0.32180085521747015,0.22888850187404067,0.21553591298765373,0.08854766113678605,0.16667014721423304,0.33587274916966625,0.10336824577735644,0.15239161209879754,0.10644421120260131,0.12582312888967648,0.12582312888967534,0.19493512786639097,0.08854766113678608,0.0635299683023522,0.24988110385057685,0.171971462656335,0.0,0.15792613015218848,0.06352996830235176,0.10669440761213159,0.14760520118357132,0.1291044005879638,0.1541471785299691,0.16269653256018304,0.12582312888967653,0.08140911672558308,0.0,0.12582312888967595,0.11712565632190032,0.12582312888967576,0.1628637304640257,0.09966708165609509
6,0.2686308694031514,0.17413648149489722,0.19799264637041095,0.12935535930119843,0.06352996830235512,0.0,0.0,0.1191974142969779,0.1936025177766086,0.18448452016553027,0.06352996830235613,0.21847279643415798,0.14008344914387988,0.17116090687878002,0.18198594107258412,0.18198594107258376,0.18258575541175762,0.1493408615436245,0.18198594107258398,0.20128963548129353,0.1819859410725836,0.14934086154362322,0.18198594107258334,0.11916393422487853,0.15392290003544912,0.152037065324703,0.15447449963728543,0.12391268345455772,0.15356292702846885,0.10062139345389796,0.1633165655655813,0.18494466706097362,0.19657702638380503,0.27674362824520554,0.11916393422487546,0.10062139345388763,0.26863086940314695,0.19799264637040875,0.1741364814948989,0.14934086154362258,0.19360251777659504,0.276743628245204,0.11919741429697885,0.1539229000354495,0.12391268345456753,0.1819859410725831,0.18198594107258245,0.18494466706097473,0.1493408615436227,0.0,0.19657702638380456,0.18258575541174854,0.06352996830235189,0.2012896354812932,0.0,0.1535629270284691,0.15203706532469546,0.18448452016552605,0.12935535930120168,0.1711609068787767,0.18198594107258315,0.14008344914387844,0.06352996830235187,0.18198594107258284,0.16331656556557936,0.18198594107258267,0.21847279643415707,0.15447449963728466
7,0.2686308694031512,0.17413648149489724,0.1979926463704111,0.12935535930119865,0.06352996830235601,0.0,0.0,0.1191974142969798,0.19360251777660975,0.18448452016553063,0.06352996830235702,0.2184727964341582,0.1400834491438804,0.17116090687878086,0.18198594107258512,0.1819859410725847,0.1825857554117584,0.1493408615436249,0.18198594107258487,0.2012896354812942,0.1819859410725846,0.14934086154362375,0.18198594107258423,0.11916393422488034,0.15392290003544934,0.15203706532470324,0.15447449963728632,0.12391268345455916,0.15356292702846958,0.1006213934539018,0.16331656556558202,0.18494466706097415,0.1965770263838053,0.2767436282452059,0.11916393422487735,0.10062139345389136,0.2686308694031467,0.197992646370409,0.174136481494899,0.14934086154362303,0.19360251777659596,0.2767436282452041,0.11919741429698093,0.15392290003544956,0.1239126834545692,0.18198594107258423,0.1819859410725834,0.18494466706097534,0.14934086154362308,0.0,0.1965770263838047,0.18258575541174948,0.06352996830235275,0.20128963548129383,0.0,0.15356292702847,0.15203706532469544,0.18448452016552644,0.12935535930120196,0.17116090687877736,0.18198594107258412,0.1400834491438788,0.06352996830235269,0.1819859410725838,0.16331656556558002,0.1819859410725836,0.21847279643415732,0.1544744996372855
8,0.2952851518977666,0.16545128614301313,0.1890115500823545,0.0853510731424191,0.10336824577735575,0.1191974142969779,0.1191974142969798,0.0,0.11694420136063148,0.12617628029431605,0.10336824577735616,0.2166553721053476,0.14040828477516226,0.10722791563853809,0.1649453224901925,0.16494532249019186,0.23522190892819683,0.14503003360728042,0.16494532249019223,0.12939659804557857,0.1649453224901925,0.14503003360727879,0.16494532249019137,0.13977541516128836,0.1567624836454497,0.15048690499762146,0.15998643423684977,0.07695554509029344,0.09559610261921048,0.11060373922593912,0.10052166890301212,0.1594722211482841,0.23847903330534148,0.32942275567910484,0.13977541516128636,0.11060373922591112,0.2952851518977624,0.1890115500823526,0.1654512861430146,0.14503003360727681,0.11694420136060715,0.32942275567910334,0.0,0.15676248364545003,0.0769555450903199,0.16494532249019278,0.16494532249019184,0.15947222114828563,0.14503003360727673,0.11919741429696896,0.23847903330533918,0.23522190892819086,0.10336824577735138,0.129396598045576,0.11919741429696812,0.09559610261920938,0.15048690499761475,0.12617628029431135,0.08535107314242049,0.10722791563853408,0.1649453224901923,0.1404082847751601,0.10336824577735156,0.1649453224901919,0.10052166890300766,0.16494532249019195,0.21665537210534558,0.15998643423684983
9,0.3367130192310239,0.24178182823906938,0.188936705575038,0.16835624262303817,0.1666701472142442,0.1936025177766086,0.19360251777660975,0.11694420136063148,0.0,0.13090955363594847,0.166670147214244,0.25023911773996554,0.19271678878710005,0.0470407861330765,0.1680343479219651,0.16803434792196442,0.310849888807242,0.18512605486142444,0.1680343479219646,0.04499519550527698,0.16803434792196545,0.18512605486142258,0.16803434792196384,0.16057776039965102,0.2634897565110539,0.2568855646253397,0.18247511059048313,0.07693901280343753,0.07897683873009047,0.14805159214996622,0.07667538648710975,0.105829445822946,0.2781515695956445,0.3847970534249106,0.1605777603996512,0.14805159214996205,0.33671301923102026,0.18893670557503636,0.24178182823906988,0.18512605486141878,0.0,0.3847970534249099,0.11694420136062701,0.2634897565110549,0.0769390128034399,0.1680343479219657,0.16803434792196548,0.10582944582294761,0.18512605486141887,0.19360251777660561,0.2781515695956427,0.31084988880723907,0.16667014721424145,0.04499519550527067,0.1936025177766047,0.07897683873009075,0.2568855646253344,0.13090955363594506,0.16835624262303642,0.04704078613306914,0.16803434792196534,0.1927167887870965,0.1666701472142413,0.16803434792196484,0.07667538648710337,0.16803434792196498,0.2502391177399625,0.18247511059048335
10,0.3973666858869652,0.2787683856353582,0.2730636427102897,0.20083690523546202,0.12910440058797076,0.18448452016553027,0.18448452016553063,0.12617628029431605,0.13090955363594847,0.0,0.129104400587971,0.1293383204270035,0.09085302534376895,0.15741670119494183,0.06730446059996932,0.06730446059996428,0.23020172130036406,0.08068440258845129,0.06730446059996349,0.09555522490430819,0.06730446059996766,0.0806844025884296,0.06730446059995333,0.19354827201747724,0.2148775643640927,0.20896631691810835,0.09325823402562147,0.1161805964416796,0.0674396425101384,0.15847354329861335,0.06402774838074902,0.21331120925048286,0.32828594105633124,0.4245205605204002,0.1935482720174769,0.1584735432986126,0.3973666858869626,0.27306364271028977,0.27876838563536027,0.08068440258840283,0.13090955363594484,0.4245205605203995,0.12617628029431666,0.2148775643640932,0.11618059644167975,0.0673044605999577,0.06730446059995215,0.21331120925048377,0.08068440258840345,0.18448452016553205,0.32828594105633013,0.23020172130035965,0.1291044005879713,0.0955552249043076,0.1844845201655318,0.06743964251013844,0.20896631691810463,0.0,0.2008369052354631,0.1574167011949425,0.06730446059995777,0.09085302534375246,0.1291044005879712,0.06730446059995139,0.06402774838074536,0.0673044605999521,0.12933832042700136,0.0932582340256173
11,0.32180085521747415,0.2155359129876519,0.2288885018740423,0.15414717852996665,0.0,0.06352996830235613,0.06352996830235702,0.10336824577735616,0.166670147214244,0.129104400587971,0.0,0.16286373046402727,0.08140911672558673,0.16269653256018438,0.12582312888967792,0.12582312888967734,0.17197146265634444,0.08854766113679015,0.1258231288896777,0.15792613015218968,0.1258231288896772,0.08854766113678807,0.12582312888967637,0.12783855123272952,0.15239161209879837,0.14760520118359147,0.09966708165609665,0.10644421120259731,0.10669440761213062,0.0909732286035746,0.11712565632190464,0.19493512786639047,0.2498811038505774,0.3358727491696679,0.12783855123272797,0.09097322860357121,0.3218008552174706,0.2288885018740406,0.21553591298765373,0.08854766113678689,0.1666701472142327,0.3358727491696664,0.10336824577735676,0.15239161209879798,0.10644421120260139,0.1258231288896768,0.12582312888967553,0.19493512786639086,0.08854766113678693,0.06352996830235329,0.2498811038505769,0.17197146265633517,0.0,0.15792613015218837,0.063529968302353,0.1066944076121325,0.14760520118357154,0.1291044005879637,0.15414717852996918,0.162696532560183,0.1258231288896766,0.08140911672558385,0.0,0.1258231288896762,0.11712565632190074,0.12582312888967587,0.16286373046402594,0.09966708165609543
12,0.46644931352616786,0.3545026399366581,0.3728112573839953,0.2881633548251925,0.16286373046402697,0.21847279643415798,0.2184727964341582,0.2166553721053476,0.25023911773996554,0.1293383204270035,0.16286373046402727,0.0,0.09571000535300382,0.27441672795749217,0.13270542397679796,0.13270542397679774,0.2166700681954837,0.09387021314144503,0.13270542397679796,0.21448312666632252,0.13270542397679747,0.09387021314144363,0.1327054239767967,0.2687962785949611,0.23724567474575578,0.23384363987343307,0.13547627280971988,0.2269932582028348,0.18590217265476844,0.23145740546890686,0.18445029748302433,0.3208545808315163,0.40220373244045426,0.4805858326361781,0.2687962785949598,0.23145740546890564,0.466449313526166,0.37281125738399473,0.35450263993665987,0.09387021314144382,0.2502391177399624,0.480585832636177,0.2166553721053486,0.2372456747457555,0.22699325820283506,0.13270542397679708,0.13270542397679594,0.32085458083151613,0.09387021314144388,0.2184727964341581,0.40220373244045426,0.21667006819547713,0.16286373046402688,0.21448312666632308,0.21847279643415818,0.18590217265476777,0.2338436398734303,0.12933832042699722,0.28816335482519423,0.2744167279574923,0.13270542397679702,0.09571000535300278,0.16286373046402697,0.1327054239767966,0.18445029748302358,0.13270542397679636,0.0,0.1354762728097182
13,0.39133612470637563,0.2779476838244404,0.2990960407323989,0.21251670941930867,0.08140911672558572,0.14008344914387988,0.1400834491438804,0.14040828477516226,0.19271678878710005,0.09085302534376895,0.08140911672558673,0.09571000535300382,0.0,0.20902216829105652,0.08632160024017554,0.08632160024017219,0.17588761904487132,0.020655618833808065,0.08632160024017525,0.16426905439644712,0.08632160024017317,0.02065561883378679,0.08632160024016654,0.1928901464278296,0.17639614584567764,0.17167993900607054,0.07358938400914733,0.15790551104058956,0.12219667932973684,0.15491147851930095,0.1247554506145249,0.2563697913660099,0.3251022971432166,0.4054509817570968,0.19289014642782792,0.15491147851929882,0.39133612470637275,0.29909604073239754,0.27794768382444207,0.020655618833770085,0.1927167887870928,0.40545098175709526,0.14040828477516348,0.17639614584567717,0.1579055110405911,0.08632160024016958,0.08632160024016235,0.25636979136600985,0.020655618833769065,0.1400834491438782,0.32510229714321626,0.17588761904486166,0.08140911672558294,0.1642690543964468,0.1400834491438783,0.12219667932973627,0.1716799390060636,0.09085302534372974,0.21251670941931106,0.20902216829105608,0.08632160024016793,0.0,0.08140911672558315,0.08632160024016546,0.12475545061452291,0.08632160024016507,0.09571000535300105,0.07358938400912793
14,0.2938468573652123,0.200813549238272,0.14317234273640342,0.13122951735879546,0.16269653256018443,0.17116090687878002,0.17116090687878086,0.10722791563853809,0.0470407861330765,0.15741670119494183,0.16269653256018438,0.27441672795749217,0.20902216829105652,0.0,0.19075096005633457,0.19075096005633416,0.3088738808255975,0.2050460979031119,0.1907509600563343,0.08547505795481357,0.1907509600563348,0.20504609790311062,0.19075096005633385,0.1267903727212011,0.2559132196761941,0.2500921229618161,0.19567167703101787,0.06295801008971008,0.0982712801053657,0.1309447825357342,0.10231297298116163,0.06799777069822524,0.23292953450984957,0.34100516315994256,0.12679037272120003,0.13094478253573208,0.29384685736520816,0.14317234273640148,0.20081354923827305,0.205046097903108,0.047040786133064935,0.3410051631599417,0.10722791563853482,0.25591321967619507,0.06295801008971177,0.19075096005633516,0.19075096005633488,0.06799777069822888,0.20504609790310802,0.1711609068787774,0.2329295345098472,0.30887388082559414,0.16269653256018277,0.08547505795481117,0.17116090687877644,0.09827128010536622,0.2500921229618124,0.1574167011949393,0.13122951735879337,0.0,0.19075096005633488,0.2090221682910541,0.16269653256018252,0.19075096005633443,0.10231297298115788,0.19075096005633457,0.2744167279574897,0.1956716770310184
15,0.41709491684619526,0.3047955993627421,0.2941073827486021,0.23613289728777523,0.12582312888967767,0.18198594107258412,0.18198594107258512,0.1649453224901925,0.1680343479219651,0.06730446059996932,0.12582312888967792,0.13270542397679796,0.08632160024017554,0.19075096005633457,0.0,0.0,0.2013531258492189,0.07176824441855344,0.0,0.13494561181347067,0.0,0.07176824441853241,0.0,0.15402065399157372,0.2334765474173315,0.22828672226366942,0.03994492954093386,0.14102293909028918,0.09874982681580007,0.1178110870711044,0.09814223693206396,0.2350105619336765,0.330217734713814,0.4217661613219885,0.15402065399157258,0.11781108707110204,0.4170949168461927,0.2941073827486038,0.3047955993627469,0.07176824441851887,0.16803434792196384,0.4217661613219888,0.16494532249019764,0.23347654741733248,0.14102293909029132,0.0,0.0,0.2350105619336773,0.07176824441852137,0.1819859410725955,0.3302177347138147,0.20135312584921533,0.12582312888969066,0.13494561181347495,0.1819859410725952,0.09874982681579941,0.22828672226366398,0.06730446059990843,0.2361328972877801,0.19075096005633774,0.0,0.08632160024016933,0.1258231288896908,0.0,0.09814223693206578,0.0,0.13270542397680757,0.039944929540928376
16,0.41709491684619515,0.3047955993627417,0.2941073827486018,0.23613289728777487,0.12582312888967717,0.18198594107258376,0.1819859410725847,0.16494532249019186,0.16803434792196442,0.06730446059996428,0.12582312888967734,0.13270542397679774,0.08632160024017219,0.19075096005633416,0.0,0.0,0.2013531258492183,0.07176824441854639,0.0,0.13494561181346967,0.0,0.07176824441852724,0.0,0.15402065399157347,0.23347654741733073,0.22828672226366833,0.03994492954093149,0.1410229390902888,0.09874982681579914,0.11781108707110395,0.09814223693206298,0.23501056193367617,0.3302177347138139,0.42176616132198835,0.15402065399157233,0.11781108707110179,0.41709491684619254,0.29410738274860365,0.3047955993627466,0.0717682444185129,0.16803434792196317,0.4217661613219886,0.16494532249019703,0.23347654741733156,0.14102293909029096,0.0,0.0,0.23501056193367695,0.0717682444185152,0.18198594107259514,0.3302177347138146,0.2013531258492147,0.1258231288896902,0.1349456118134739,0.1819859410725948,0.09874982681579858,0.228286722263663,0.06730446059990297,0.23613289728777975,0.19075096005633732,0.0,0.08632160024016641,0.12582312888969027,0.0,0.09814223693206495,0.0,0.1327054239768073,0.03994492954092643
17,0.4082787646566109,0.2995829842467946,0.3512306381496339,0.2645539343106736,0.17197146265634436,0.18258575541175762,0.1825857554117584,0.23522190892819683,0.310849888807242,0.23020172130036406,0.17197146265634444,0.2166700681954837,0.17588761904487132,0.3088738808255975,0.2013531258492189,0.2013531258492183,0.0,0.19243241245989104,0.20135312584921927,0.2932524056408597,0.2013531258492175,0.1924324124598898,0.20135312584921722,0.236083898798775,0.15594404275686047,0.15794845610372157,0.16664564296417855,0.25222248593068225,0.2425713107202583,0.2057344100972362,0.25045395693131256,0.33578811014585874,0.33136450231496556,0.37028409005560176,0.23608389879877253,0.2057344100972337,0.4082787646566086,0.35123063814963634,0.2995829842468015,0.19243241245990084,0.3108498888072423,0.3702840900556029,0.23522190892820474,0.15594404275686174,0.25222248593068464,0.20135312584921597,0.2013531258492141,0.33578811014585924,0.19243241245990056,0.1825857554117752,0.3313645023149669,0.0,0.1719714626563588,0.2932524056408643,0.18258575541177524,0.2425713107202579,0.15794845610371858,0.23020172130035796,0.2645539343106806,0.3088738808256013,0.20135312584921616,0.17588761904488126,0.17197146265635904,0.20135312584921608,0.250453956931315,0.20135312584921547,0.21667006819549794,0.16664564296417694
18,0.3987618280350242,0.28745340550365234,0.301125520397565,0.2202557914459385,0.08854766113678922,0.1493408615436245,0.1493408615436249,0.14503003360728042,0.18512605486142444,0.08068440258845129,0.08854766113679015,0.09387021314144503,0.020655618833808065,0.2050460979031119,0.07176824441855344,0.07176824441854639,0.19243241245989104,0.0,0.07176824441855048,0.15475846950419536,0.07176824441854952,0.0,0.07176824441853419,0.19203145379913963,0.1947558428982407,0.18979739120708283,0.0778931672879057,0.15588341703550582,0.11640634982287704,0.155469316120955,0.11673033943372031,0.2536757700966461,0.33130798925303573,0.41488764090500374,0.1920314537991378,0.15546931612095272,0.3987618280350216,0.3011255203975633,0.2874534055036543,0.0,0.18512605486141645,0.41488764090500174,0.14503003360728134,0.1947558428982404,0.15588341703550743,0.07176824441854066,0.07176824441852837,0.25367577009664605,0.0,0.14934086154362247,0.3313079892530353,0.192432412459882,0.08854766113678629,0.15475846950419508,0.14934086154362247,0.11640634982287654,0.18979739120707553,0.08068440258837165,0.22025579144594107,0.20504609790311132,0.07176824441853824,0.020655618833776253,0.08854766113678647,0.07176824441853187,0.11673033943371822,0.07176824441853027,0.09387021314144171,0.0778931672878942
19,0.41709491684619515,0.30479559936274203,0.29410738274860193,0.23613289728777517,0.12582312888967753,0.18198594107258398,0.18198594107258487,0.16494532249019223,0.1680343479219646,0.06730446059996349,0.1258231288896777,0.13270542397679796,0.08632160024017525,0.1907509600563343,0.0,0.0,0.20135312584921927,0.07176824441855048,0.0,0.13494561181346984,0.0,0.0717682444185312,0.0,0.1540206539915735,0.23347654741733165,0.22828672226366942,0.03994492954093294,0.1410229390902889,0.09874982681579958,0.11781108707110409,0.09814223693206307,0.2350105619336761,0.3302177347138139,0.42176616132198835,0.15402065399157233,0.11781108707110186,0.41709491684619265,0.29410738274860365,0.3047955993627468,0.07176824441851552,0.16803434792196334,0.4217661613219888,0.16494532249019733,0.23347654741733262,0.14102293909029096,0.0,0.0,0.23501056193367698,0.0717682444185189,0.18198594107259536,0.3302177347138147,0.2013531258492156,0.12582312888969052,0.13494561181347417,0.18198594107259494,0.0987498268157989,0.22828672226366414,0.06730446059990516,0.23613289728778003,0.1907509600563374,0.0,0.08632160024016969,0.1258231288896906,0.0,0.09814223693206499,0.0,0.13270542397680757,0.039944929540927855
20,0.3692194835690221,0.2692568755514869,0.22543295350225898,0.19197740788576514,0.15792613015219004,0.20128963548129353,0.2012896354812942,0.12939659804557857,0.04499519550527698,0.09555522490430819,0.15792613015218968,0.21448312666632252,0.16426905439644712,0.08547505795481357,0.13494561181347067,0.13494561181346967,0.2932524056408597,0.15475846950419536,0.13494561181346984,0.0,0.13494561181347126,0.1547584695041925,0.13494561181346879,0.18031668693288247,0.2579455041543848,0.2512916386288099,0.15431751159409363,0.09240275530860359,0.06009218982251526,0.15804546668630454,0.051904904717704294,0.13958416283448158,0.30930487384696925,0.4143991023151333,0.18031668693288272,0.15804546668630312,0.36921948356901907,0.22543295350225803,0.26925687555148764,0.1547584695041875,0.04499519550526657,0.41439910231513283,0.1293965980455758,0.2579455041543855,0.09240275530860441,0.13494561181347067,0.13494561181347023,0.13958416283448238,0.15475846950418753,0.20128963548129197,0.3093048738469677,0.2932524056408569,0.15792613015218715,0.0,0.2012896354812915,0.06009218982251549,0.25129163862880366,0.09555522490430265,0.19197740788576373,0.08547505795481079,0.13494561181347023,0.16426905439644265,0.15792613015218676,0.13494561181346948,0.0519049047176762,0.13494561181346967,0.21448312666631936,0.15431751159409343
21,0.41709491684619515,0.3047955993627421,0.2941073827486022,0.2361328972877751,0.125823128889677,0.1819859410725836,0.1819859410725846,0.1649453224901925,0.16803434792196545,0.06730446059996766,0.1258231288896772,0.13270542397679747,0.08632160024017317,0.1907509600563348,0.0,0.0,0.2013531258492175,0.07176824441854952,0.0,0.13494561181347126,0.0,0.07176824441852898,0.0,0.15402065399157364,0.23347654741733115,0.22828672226366897,0.03994492954093063,0.14102293909028898,0.0987498268157999,0.11781108707110409,0.09814223693206385,0.2350105619336765,0.33021773471381394,0.4217661613219885,0.15402065399157241,0.11781108707110186,0.4170949168461927,0.2941073827486039,0.30479559936274686,0.07176824441851389,0.16803434792196412,0.42176616132198874,0.16494532249019755,0.23347654741733204,0.14102293909029115,0.0,0.0,0.23501056193367734,0.07176824441851772,0.18198594107259494,0.3302177347138147,0.20135312584921397,0.12582312888968994,0.13494561181347534,0.18198594107259464,0.09874982681579915,0.22828672226366362,0.06730446059990627,0.23613289728778003,0.19075096005633788,0.0,0.08632160024016754,0.12582312888969008,0.0,0.0981422369320657,0.0,0.132705423976807,0.039944929540926
22,0.3987618280350235,0.28745340550365156,0.3011255203975644,0.22025579144593765,0.08854766113678708,0.14934086154362322,0.14934086154362375,0.14503003360727879,0.18512605486142258,0.0806844025884296,0.08854766113678807,0.09387021314144363,0.02065561883378679,0.20504609790311062,0.07176824441853241,0.07176824441852724,0.1924324124598898,0.0,0.0717682444185312,0.1547584695041925,0.07176824441852898,0.0,0.07176824441851427,0.19203145379913902,0.19475584289823866,0.1897973912070806,0.07789316728789532,0.1558834170355043,0.11640634982287441,0.15546931612095422,0.11673033943371754,0.25367577009664527,0.3313079892530352,0.4148876409050035,0.19203145379913722,0.155469316120952,0.3987618280350208,0.3011255203975628,0.28745340550365356,0.0,0.1851260548614147,0.41488764090500135,0.14503003360727973,0.19475584289823827,0.15588341703550598,0.07176824441852134,0.07176824441850801,0.2536757700966451,0.0,0.14934086154362125,0.33130798925303495,0.19243241245988071,0.08854766113678414,0.1547584695041922,0.14934086154362117,0.1164063498228738,0.18979739120707323,0.08068440258834929,0.22025579144594015,0.20504609790311007,0.07176824441851813,0.020655618833754455,0.08854766113678435,0.07176824441851258,0.11673033943371522,0.07176824441850975,0.09387021314144009,0.07789316728788384
23,0.4170949168461951,0.30479559936274164,0.29410738274860176,0.2361328972877747,0.1258231288896764,0.18198594107258334,0.18198594107258423,0.16494532249019137,0.16803434792196384,0.06730446059995333,0.12582312888967637,0.1327054239767967,0.08632160024016654,0.19075096005633385,0.0,0.0,0.20135312584921722,0.07176824441853419,0.0,0.13494561181346879,0.0,0.07176824441851427,0.0,0.1540206539915731,0.23347654741732998,0.22828672226366756,0.03994492954092768,0.1410229390902883,0.09874982681579818,0.11781108707110347,0.09814223693206202,0.23501056193367606,0.3302177347138137,0.42176616132198846,0.1540206539915719,0.11781108707110127,0.4170949168461924,0.2941073827486035,0.30479559936274647,0.07176824441849888,0.16803434792196267,0.4217661613219886,0.1649453224901965,0.23347654741733076,0.1410229390902905,0.0,0.0,0.23501056193367678,0.07176824441850171,0.18198594107259466,0.33021773471381444,0.20135312584921355,0.12582312888968916,0.13494561181347295,0.1819859410725944,0.09874982681579768,0.22828672226366245,0.06730446059989297,0.23613289728777953,0.1907509600563371,0.0,0.0863216002401605,0.12582312888968947,0.0,0.09814223693206398,0.0,0.13270542397680626,0.039944929540922346
24,0.2986469454267153,0.20515776933662025,0.1741511011899767,0.14747265827357967,0.12783855123272947,0.11916393422487853,0.11916393422488034,0.13977541516128836,0.16057776039965102,0.19354827201747724,0.12783855123272952,0.2687962785949611,0.1928901464278296,0.1267903727212011,0.15402065399157372,0.15402065399157347,0.236083898798775,0.19203145379913963,0.1540206539915735,0.18031668693288247,0.15402065399157364,0.19203145379913902,0.1540206539915731,0.0,0.240335173372403,0.23649106945076162,0.14312274938904868,0.09996629358559185,0.1387549298818425,0.04187438291230541,0.1469113538725005,0.13164843818877806,0.2014703892943549,0.29812077639308115,0.0,0.041874382912299495,0.29864694542671183,0.17415110118997743,0.20515776933662608,0.19203145379914427,0.16057776039964466,0.29812077639308165,0.13977541516129302,0.24033517337240448,0.09996629358559797,0.15402065399157286,0.15402065399157264,0.13164843818878008,0.19203145379914452,0.11916393422488925,0.20147038929435662,0.23608389879877195,0.1278385512327431,0.18031668693288666,0.11916393422488829,0.13875492988184268,0.23649106945075712,0.1935482720174752,0.1474726582735884,0.1267903727211946,0.15402065399157291,0.19289014642783525,0.12783855123274301,0.1540206539915726,0.14691135387250212,0.15402065399157255,0.2687962785949688,0.14312274938904826
25,0.3332682534227959,0.20688374684664676,0.2920478713297069,0.17372339569590203,0.1523916120987978,0.15392290003544912,0.15392290003544934,0.1567624836454497,0.2634897565110539,0.2148775643640927,0.15239161209879837,0.23724567474575578,0.17639614584567764,0.2559132196761941,0.2334765474173315,0.23347654741733073,0.15594404275686047,0.1947558428982407,0.23347654741733165,0.2579455041543848,0.23347654741733115,0.19475584289823866,0.23347654741732998,0.240335173372403,0.0,0.007462497624240048,0.20711660387427946,0.21346185230939996,0.2148366311523297,0.20881542472864564,0.22266263459502764,0.29111302533048855,0.28851497292350253,0.33057790444325513,0.24033517337240137,0.2088154247286452,0.3332682534227927,0.2920478713297058,0.2068837468466493,0.19475584289824024,0.263489756511045,0.3305779044432536,0.15676248364545342,0.0,0.21346185230940318,0.23347654741733115,0.2334765474173293,0.2911130253304897,0.19475584289823972,0.15392290003544634,0.2885149729235005,0.15594404275684987,0.1523916120987896,0.25794550415438294,0.15392290003544673,0.21483663115233007,0.0074624976241856635,0.21487756436408792,0.17372339569590495,0.25591321967619374,0.23347654741733026,0.17639614584567784,0.15239161209878951,0.23347654741733007,0.2226626345950256,0.2334765474173302,0.237245674745756,0.2071166038742793
26,0.3328494999285928,0.20506608682159727,0.2888644646824599,0.16990229585944877,0.14760520118359113,0.152037065324703,0.15203706532470324,0.15048690499762146,0.2568855646253397,0.20896631691810835,0.14760520118359147,0.23384363987343307,0.17167993900607054,0.2500921229618161,0.22828672226366942,0.22828672226366833,0.15794845610372157,0.18979739120708283,0.22828672226366942,0.2512916386288099,0.22828672226366897,0.1897973912070806,0.22828672226366756,0.23649106945076162,0.007462497624240048,0.0,0.2027297919967358,0.20776610807574372,0.20834561852342318,0.2043299149519653,0.21610437727084808,0.2865265621021324,0.28747316667981715,0.33167897906654503,0.23649106945075993,0.20432991495196492,0.33284949992858964,0.2888644646824588,0.20506608682159969,0.1897973912070819,0.2568855646253302,0.33167897906654326,0.15048690499762496,0.007462497624237164,0.20776610807574705,0.228286722263669,0.22828672226366695,0.2865265621021337,0.1897973912070814,0.1520370653246998,0.2874731666798149,0.15794845610371128,0.14760520118358073,0.25129163862880766,0.15203706532470027,0.20834561852342323,0.0,0.2089663169181036,0.16990229585945144,0.25009212296181543,0.22828672226366808,0.17167993900607048,0.14760520118358114,0.22828672226366786,0.21610437727084583,0.22828672226366792,0.23384363987343323,0.20272979199673546
27,0.3989575735759352,0.28821346731415853,0.28506591275661886,0.22318236858492044,0.09966708165609654,0.15447449963728543,0.15447449963728632,0.15998643423684977,0.18247511059048313,0.09325823402562147,0.09966708165609665,0.13547627280971988,0.07358938400914733,0.19567167703101787,0.03994492954093386,0.03994492954093149,0.16664564296417855,0.0778931672879057,0.03994492954093294,0.15431751159409363,0.03994492954093063,0.07789316728789532,0.03994492954092768,0.14312274938904868,0.20711660387427946,0.2027297919967358,0.0,0.13903851101929884,0.10780851735922456,0.10432105206252502,0.1135370007522379,0.2328913111071864,0.31214306488609767,0.3998366085508356,0.14312274938904726,0.1043210520625227,0.3989575735759325,0.2850659127566204,0.288213467314163,0.07789316728789303,0.18247511059048127,0.3998366085508358,0.15998643423685446,0.2071166038742804,0.1390385110193013,0.03994492954092692,0.039944929540923664,0.23289131110718728,0.07789316728789378,0.15447449963729648,0.3121430648860984,0.16664564296417259,0.09966708165610899,0.15431751159409696,0.1544744996372963,0.1078085173592249,0.20272979199673094,0.0932582340255982,0.22318236858492493,0.19567167703102073,0.03994492954092719,0.0735893840091195,0.09966708165610909,0.039944929540925496,0.11353700075223935,0.039944929540924455,0.13547627280972893,0.0
28,0.3050441652565499,0.19996988104028798,0.16493536374515572,0.12685086944868246,0.10644421120259681,0.12391268345455772,0.12391268345455916,0.07695554509029344,0.07693901280343753,0.1161805964416796,0.10644421120259731,0.2269932582028348,0.15790551104058956,0.06295801008971008,0.14102293909028918,0.1410229390902888,0.25222248593068225,0.15588341703550582,0.1410229390902889,0.09240275530860359,0.14102293909028898,0.1558834170355043,0.1410229390902883,0.09996629358559185,0.21346185230939996,0.20776610807574372,0.13903851101929884,0.0,0.055155143229232234,0.07960688022208141,0.06291229383720442,0.10727745251190185,0.22862419407835538,0.3351765266951519,0.09996629358559156,0.07960688022206051,0.3050441652565461,0.16493536374515547,0.19996988104029007,0.15588341703550268,0.07693901280341846,0.3351765266951513,0.07695554509027909,0.21346185230940098,0.0,0.1410229390902892,0.14102293909028898,0.10727745251190403,0.15588341703550282,0.12391268345455542,0.22862419407835394,0.2522224859306778,0.10644421120259585,0.09240275530860244,0.12391268345455378,0.055155143229233955,0.20776610807573864,0.11618059644167682,0.12685086944868235,0.06295801008970608,0.14102293909028923,0.15790551104058773,0.10644421120259558,0.14102293909028885,0.06291229383720011,0.14102293909028873,0.22699325820283436,0.13903851101929912
29,0.35305711655703936,0.24228454753311598,0.2169265282590237,0.16565079427513615,0.10669440761212944,0.15356292702846885,0.15356292702846958,0.09559610261921048,0.07897683873009047,0.0674396425101384,0.10669440761213062,0.18590217265476844,0.12219667932973684,0.0982712801053657,0.09874982681580007,0.09874982681579914,0.2425713107202583,0.11640634982287704,0.09874982681579958,0.06009218982251526,0.0987498268157999,0.11640634982287441,0.09874982681579818,0.1387549298818425,0.2148366311523297,0.20834561852342318,0.10780851735922456,0.055155143229232234,0.0,0.10937858713576024,0.014806187468583573,0.15330393177364093,0.27927782388239836,0.38225257313385763,0.1387549298818423,0.1093785871357577,0.3530571165570362,0.21692652825902367,0.2422845475331182,0.1164063498228719,0.07897683873008009,0.3822525731338569,0.09559610261921012,0.21483663115233032,0.05515514322923488,0.09874982681579977,0.09874982681579901,0.1533039317736422,0.11640634982287207,0.15356292702846921,0.2792778238823973,0.24257131072025376,0.10669440761212737,0.060092189822507844,0.15356292702846852,0.0,0.20834561852341402,0.06743964251013244,0.16565079427513763,0.09827128010536584,0.0987498268157996,0.12219667932973388,0.1066944076121275,0.09874982681579883,0.014806187468565187,0.09874982681579875,0.18590217265476827,0.10780851735922395
30,0.31737120518373657,0.21468388577962155,0.19642181851652687,0.15284289676607643,0.09097322860357421,0.10062139345389796,0.1006213934539018,0.11060373922593912,0.14805159214996622,0.15847354329861335,0.0909732286035746,0.23145740546890686,0.15491147851930095,0.1309447825357342,0.1178110870711044,0.11781108707110395,0.2057344100972362,0.155469316120955,0.11781108707110409,0.15804546668630454,0.11781108707110409,0.15546931612095422,0.11781108707110347,0.04187438291230541,0.20881542472864564,0.2043299149519653,0.10432105206252502,0.07960688022208141,0.10937858713576024,0.0,0.11888956386438464,0.15372029736288895,0.2230736409478263,0.3179082618417581,0.04187438291230265,0.0,0.3173712051837332,0.19642181851652832,0.2146838857796269,0.15546931612095996,0.14805159214995142,0.3179082618417583,0.11060373922593694,0.20881542472864698,0.07960688022210469,0.11781108707110337,0.11781108707110301,0.15372029736289008,0.15546931612096027,0.10062139345390396,0.22307364094782753,0.2057344100972325,0.0909732286035894,0.15804546668630812,0.10062139345390174,0.10937858713576071,0.20432991495195793,0.15847354329861058,0.15284289676608284,0.13094478253573388,0.11781108707110337,0.15491147851930662,0.09097322860358953,0.11781108707110308,0.11888956386438548,0.11781108707110292,0.2314574054689148,0.10432105206252466
31,0.35969745501890865,0.24836151561388398,0.2235864873698532,0.17160816138888715,0.11712565632190453,0.1633165655655813,0.16331656556558202,0.10052166890301212,0.07667538648710975,0.06402774838074902,0.11712565632190464,0.18445029748302433,0.1247554506145249,0.10231297298116163,0.09814223693206396,0.09814223693206298,0.25045395693131256,0.11673033943372031,0.09814223693206307,0.051904904717704294,0.09814223693206385,0.11673033943371754,0.09814223693206202,0.1469113538725005,0.22266263459502764,0.21610437727084808,0.1135370007522379,0.06291229383720442,0.014806187468583573,0.11888956386438464,0.0,0.16012491152919037,0.2863180016344878,0.3892524171374238,0.1469113538725004,0.1188895638643825,0.3596974550189054,0.22358648736985334,0.24836151561388622,0.11673033943371389,0.07667538648709955,0.38925241713742315,0.10052166890301095,0.22266263459502827,0.06291229383720548,0.09814223693206353,0.09814223693206298,0.16012491152919178,0.11673033943371422,0.1633165655655823,0.2863180016344866,0.2504539569313085,0.11712565632190389,0.05190490471768098,0.16331656556558172,0.01480618746858667,0.21610437727084109,0.0640277483807434,0.1716081613888881,0.10231297298116149,0.09814223693206346,0.12475545061452141,0.11712565632190346,0.09814223693206263,0.0,0.09814223693206255,0.1844502974830235,0.11353700075223733
