,1,2,3,4,5,6,7,8,9,10,11,12,13,14,15,16,17,18,19,20,21,22,23,24,25,26,27,28,29,30,31,32,33,34,35,36,37,38,39,40,41,42,43,44,45,46,47,48,49,50,51,52,53,54,55,56,57,58,59,60,61,62,63,64,65,66,67,68
1,0.0,0.06345616070648011,0.050675333849891924,0.09565867406573154,0.14759502531576746,0.13684965818786274,0.13684965818786282,0.11981232027561577,0.11476336529102753,0.15798843471279475,0.14759502531576738,0.18873055329629623,0.1599532622400857,0.10209496467863968,0.1601051992891623,0.16010519928916228,0.17897259234756857,0.15812493352838472,0.16010519928916225,0.13284267601092753,0.16010519928916253,0.15812493352838475,0.16010519928916217,0.11071069673903793,0.14970537510143556,0.1491070270988623,0.1654531975439199,0.12313414899705906,0.13656178299459154,0.1272212290282197,0.13507495316731072,0.09436786299338017,0.03970954789909667,0.004955256428708898,0.11071069673903824,0.12722122902821995,0.0,0.05067533384989185,0.06345616070648007,0.15812493352838555,0.11476336529102765,0.004955256428708466,0.1198123202756171,0.1497053751014358,0.12313414899705842,0.16010519928916234,0.16010519928916234,0.09436786299338024,0.15812493352838577,0.13684965818786332,0.039709547899096725,0.17897259234756974,0.14759502531576918,0.13284267601092753,0.13684965818786332,0.13656178299459099,0.1491070270988615,0.15798843471279483,0.09565867406573286,0.10209496467864076,0.160105199289162,0.15995326224008646,0.1475950253157692,0.16010519928916192,0.13507495316731102,0.16010519928916203,0.1887305532962973,0.1654531975439198
2,0.06345616070648011,0.0,0.015315549607586423,0.04073770858745873,0.10712129245270964,0.09056143604506162,0.09056143604506199,0.07323111639094504,0.06967555793592808,0.12458739096662043,0.10712129245270971,0.16764637908685817,0.12701106699294853,0.052361687263386684,0.12670458288316822,0.1267045828831681,0.14598841746870403,0.12507603269572637,0.12670458288316802,0.09204881149764162,0.12670458288316874,0.12507603269572626,0.12670458288316797,0.05953956534852356,0.10900261127954071,0.10838997012170803,0.13220205281805567,0.0764956805207272,0.09562323743174579,0.08062493099799511,0.09408116471800385,0.03930977179168291,0.03155594455071418,0.0619273587349775,0.05953956534852447,0.080624930997996,0.06345616070647947,0.015315549607584973,0.0,0.125076032695727,0.06967555793592804,0.061927358734978545,0.0732311163909454,0.10900261127954082,0.07649568052072687,0.12670458288316844,0.12670458288316844,0.03930977179168341,0.12507603269572767,0.09056143604506213,0.03155594455071375,0.14598841746870478,0.10712129245270953,0.09204881149764203,0.09056143604506181,0.0956232374317453,0.10838997012170694,0.12458739096662011,0.040737708587460106,0.05236168726338753,0.12670458288316777,0.12701106699294867,0.10712129245270953,0.12670458288316797,0.09408116471800447,0.12670458288316808,0.16764637908685817,0.1322020528180557
3,0.050675333849891924,0.015315549607586423,0.0,0.05471379918882822,0.11820248307295517,0.10260294874245408,0.10260294874245439,0.08570636579977658,0.07970995598537418,0.13396623392439116,0.11820248307295537,0.17511581631587927,0.13691511678977278,0.0639008418914418,0.13608286143918438,0.1360828614391843,0.155501487298257,0.1350138073605226,0.13608286143918405,0.10307519386880956,0.13608286143918488,0.13501380736052304,0.13608286143918458,0.07216270077240305,0.11972475167317378,0.1191165595138052,0.1415356640953762,0.08827732110883328,0.10641589378840546,0.09239407139631904,0.1048895418486154,0.05263509027954037,0.02066448601049007,0.05043696393210905,0.07216270077240401,0.09239407139631982,0.050675333849892014,0.0,0.01531554960758376,0.13501380736052396,0.0797099559853745,0.05043696393210926,0.08570636579977683,0.11972475167317369,0.0882773211088329,0.13608286143918438,0.13608286143918444,0.0526350902795405,0.1350138073605233,0.10260294874245474,0.020664486010490993,0.15550148729825708,0.11820248307295608,0.10307519386881132,0.10260294874245476,0.10641589378840562,0.11911655951380451,0.1339662339243909,0.054713799188829314,0.06390084189144225,0.13608286143918388,0.1369151167897723,0.11820248307295608,0.13608286143918386,0.10488954184861565,0.1360828614391842,0.17511581631587864,0.14153566409537618
4,0.09565867406573154,0.04073770858745873,0.05471379918882822,0.0,0.07569429089428698,0.05534740497946077,0.05534740497946098,0.03808967676963843,0.036363956448656844,0.09812149887437788,0.07569429089428698,0.1491626314724526,0.10052841984721655,0.01731363767466671,0.10023921522924649,0.10023921522924642,0.1200805889132703,0.09846223243656423,0.1002392152292461,0.060876788818028986,0.10023921522924688,0.09846223243656421,0.10023921522924649,0.02129210724908681,0.0777554232107405,0.0771268227837041,0.1059595323415528,0.04122331289399196,0.06411974021350417,0.045397924707137625,0.062498241862980496,0.00409267980997928,0.0677615804968888,0.09391698287274018,0.021292107249087165,0.04539792470713816,0.09565867406573035,0.054713799188827295,0.04073770858745906,0.09846223243656427,0.036363956448655727,0.09391698287274027,0.03808967676963897,0.07775542321074075,0.041223312893991254,0.10023921522924685,0.10023921522924685,0.004092679809980268,0.09846223243656427,0.05534740497946076,0.06776158049688824,0.12008058891327159,0.0756942908942878,0.06087678881802863,0.05534740497946076,0.06411974021350351,0.07712682278370309,0.09812149887437772,0.0,0.017313637674667384,0.10023921522924623,0.1005284198472169,0.07569429089428781,0.1002392152292464,0.062498241862980135,0.10023921522924634,0.1491626314724528,0.10595953234155257
5,0.14759502531576746,0.10712129245270964,0.11820248307295517,0.07569429089428698,0.0,0.027935975158661447,0.02793597515866124,0.041663945616967804,0.04750681865467718,0.03635064878143366,0.0,0.09701641918622084,0.0381625703337751,0.06620697738801014,0.03582709353888303,0.03582709353888257,0.05457988004907729,0.03695506282634649,0.03582709353888244,0.0163669434526859,0.03582709353888334,0.036955062826346315,0.03582709353888265,0.059025841801323635,0.0038235688743055805,0.0031907142288331207,0.03993207149878495,0.03971526811883014,0.013039162114223709,0.03600466594540034,0.014757744287413572,0.07781647467521338,0.12498905008084274,0.14413084905797907,0.05902584180132349,0.03600466594540094,0.1475950253157677,0.11820248307295518,0.10712129245270877,0.03695506282634659,0.04750681865467772,0.1441308490579792,0.041663945616966805,0.0038235688743057127,0.03971526811882936,0.03582709353888354,0.03582709353888381,0.07781647467521383,0.036955062826346294,0.027935975158662845,0.12498905008084293,0.054579880049078204,0.0,0.01636694345268675,0.027935975158662876,0.013039162114223884,0.003190714228831607,0.03635064878143382,0.07569429089428652,0.06620697738800954,0.035827093538882526,0.038162570333776104,0.0,0.035827093538882665,0.014757744287413933,0.03582709353888318,0.09701641918622186,0.039932071498784555
6,0.13684965818786274,0.09056143604506162,0.10260294874245408,0.05534740497946077,0.027935975158661447,0.0,0.0,0.017545055743778692,0.023538064932309154,0.06068285394400561,0.02793597515866139,0.11234801986136642,0.06216660291332096,0.044265754244984044,0.05989996724175893,0.05989996724175918,0.07469906288555857,0.061268717420379114,0.059899967241758736,0.03340228906371618,0.059899967241759465,0.06126871742037914,0.05989996724175926,0.03676763188956884,0.03117854454591795,0.030700236860643874,0.06261855407644798,0.015428582175745616,0.03228210527353438,0.011545557853155681,0.0324474058116355,0.05747864636439257,0.11095174070557225,0.13312102347207083,0.036767631889569226,0.011545557853155926,0.13684965818786243,0.10260294874245415,0.09056143604506092,0.06126871742037955,0.023538064932308433,0.1331210234720716,0.017545055743778428,0.031178544545917813,0.015428582175745376,0.05989996724176023,0.05989996724175969,0.05747864636439335,0.06126871742037916,0.0,0.11095174070557283,0.07469906288555911,0.027935975158662217,0.033402289063715826,0.0,0.03228210527353415,0.030700236860643403,0.060682853944005445,0.055347404979459815,0.04426575424498421,0.059899967241759056,0.06216660291332131,0.027935975158662946,0.05989996724175986,0.032447405811635355,0.05989996724175962,0.11234801986136851,0.06261855407644712
7,0.13684965818786282,0.09056143604506199,0.10260294874245439,0.05534740497946098,0.02793597515866124,0.0,0.0,0.01754505574377978,0.023538064932309213,0.06068285394400532,0.027935975158661353,0.11234801986136628,0.06216660291332093,0.04426575424498413,0.059899967241758834,0.05989996724175908,0.07469906288555848,0.06126871742037908,0.05989996724175873,0.03340228906371633,0.05989996724175944,0.06126871742037901,0.05989996724175927,0.036767631889568955,0.031178544545917918,0.03070023686064398,0.06261855407644787,0.015428582175745404,0.032282105273534284,0.0115455578531561,0.032447405811635466,0.05747864636439254,0.11095174070557215,0.13312102347207083,0.03676763188956905,0.011545557853155914,0.13684965818786246,0.10260294874245439,0.09056143604506127,0.06126871742037967,0.02353806493230905,0.13312102347207166,0.017545055743778234,0.031178544545917727,0.015428582175744743,0.05989996724176027,0.059899967241759965,0.05747864636439309,0.0612687174203792,0.0,0.11095174070557266,0.07469906288555903,0.02793597515866284,0.03340228906371565,0.0,0.03228210527353449,0.030700236860643472,0.060682853944005445,0.05534740497946034,0.044265754244984364,0.05989996724175884,0.06216660291332125,0.027935975158662526,0.059899967241759784,0.032447405811635535,0.0598999672417597,0.11234801986136843,0.06261855407644705
8,0.11981232027561577,0.07323111639094504,0.08570636579977658,0.03808967676963843,0.041663945616967804,0.017545055743778692,0.01754505574377978,0.0,0.0064469044862673595,0.0689203176298157,0.041663945616967804,0.1279516665683592,0.07147217910610598,0.02678149831990145,0.07103920877770839,0.07103920877770842,0.09155403867906924,0.0693245557016747,0.07103920877770813,0.026222868110809032,0.0710392087777091,0.06932455570167463,0.07103920877770824,0.024666790753350723,0.04386320176545725,0.04320973341920199,0.07700238976499142,0.0033283443890391473,0.029838153450659734,0.007463697343858571,0.028146009910767766,0.042168128528695635,0.09667272475511357,0.11824667071571049,0.02466679075335022,0.007463697343859763,0.11981232027561527,0.08570636579977782,0.07323111639094412,0.06932455570167456,0.006446904486265939,0.11824667071571188,0.0,0.043863201765457244,0.003328344389039209,0.07103920877770925,0.07103920877770906,0.04216812852869528,0.06932455570167467,0.017545055743778983,0.09667272475511345,0.09155403867906957,0.04166394561696857,0.026222868110808432,0.01754505574377895,0.029838153450659446,0.04320973341920095,0.0689203176298154,0.03808967676963776,0.026781498319899854,0.07103920877770857,0.0714721791061083,0.041663945616968505,0.07103920877770839,0.028146009910767978,0.07103920877770889,0.12795166656835877,0.07700238976499146
9,0.11476336529102753,0.06967555793592808,0.07970995598537418,0.036363956448656844,0.04750681865467718,0.023538064932309154,0.023538064932309213,0.0064469044862673595,0.0,0.07396792488922155,0.047506818654677534,0.13270528358068623,0.07739626742723268,0.02150827763271071,0.07608607188544822,0.07608607188544803,0.0967373514572301,0.07531953739944482,0.07608607188544782,0.03187386643846636,0.07608607188544851,0.07531953739944516,0.076086071885448,0.023272262313853386,0.04919115698569518,0.04853840230915706,0.08198845979902716,0.008763319610295306,0.03517445751942365,0.013011089397295394,0.03348307616856126,0.03865868452886756,0.09269251842137914,0.11370139171458632,0.023272262313854045,0.013011089397296487,0.11476336529102675,0.07970995598537463,0.06967555793592844,0.07531953739944532,0.0,0.11370139171458613,0.006446904486267736,0.04919115698569521,0.008763319610294019,0.07608607188544875,0.0760860718854486,0.03865868452886725,0.07531953739944551,0.02353806493230982,0.09269251842137911,0.09673735145723164,0.04750681865467858,0.031873866438464335,0.02353806493230873,0.035174457519423746,0.04853840230915638,0.07396792488922053,0.03636395644865682,0.02150827763270902,0.07608607188544801,0.07739626742723286,0.04750681865467844,0.07608607188544841,0.033483076168559764,0.07608607188544829,0.13270528358068612,0.08198845979902732
10,0.15798843471279475,0.12458739096662043,0.13396623392439116,0.09812149887437788,0.03635064878143366,0.06068285394400561,0.06068285394400532,0.0689203176298157,0.07396792488922155,0.0,0.0363506487814337,0.07432945062118625,0.00493594878491564,0.09045438728240124,0.002089987262225743,0.0020899872622259365,0.02503928269496347,0.002683767329665165,0.002089987262225433,0.04664925025681587,0.00208998726222575,0.002683767329665491,0.002089987262226526,0.08351573906561337,0.03339879423614545,0.033936469341063744,0.008686856624018061,0.06614962393376338,0.04258234422569467,0.06357459946112302,0.0442178344266115,0.09902652532098266,0.1382978848452354,0.15327902313686287,0.08351573906561315,0.0635745994611222,0.1579884347127947,0.13396623392439083,0.12458739096662093,0.0026837673296657384,0.07396792488922127,0.1532790231368638,0.06892031762981446,0.03339879423614502,0.06614962393376392,0.0020899872622261763,0.002089987262225318,0.09902652532098301,0.002683767329665002,0.06068285394400528,0.13829788484523559,0.02503928269496387,0.03635064878143438,0.046649250256816745,0.06068285394400519,0.04258234422569505,0.03393646934106488,0.0,0.09812149887437809,0.09045438728240043,0.0020899872622259525,0.0049359487849136505,0.03635064878143429,0.0020899872622261945,0.044217834426612104,0.0020899872622259035,0.07432945062118733,0.008686856624017573
11,0.14759502531576738,0.10712129245270971,0.11820248307295537,0.07569429089428698,0.0,0.02793597515866139,0.027935975158661353,0.041663945616967804,0.047506818654677534,0.0363506487814337,0.0,0.09701641918622153,0.03816257033377533,0.06620697738801025,0.03582709353888329,0.03582709353888311,0.054579880049077364,0.03695506282634681,0.03582709353888293,0.01636694345268552,0.03582709353888339,0.03695506282634671,0.035827093538882776,0.05902584180132371,0.0038235688743061603,0.003190714228832765,0.0399320714987846,0.03971526811883001,0.013039162114223918,0.036004665945400555,0.014757744287414215,0.07781647467521388,0.12498905008084296,0.14413084905797904,0.059025841801323364,0.03600466594540089,0.14759502531576768,0.11820248307295507,0.10712129245270885,0.03695506282634649,0.047506818654677804,0.1441308490579791,0.04166394561696689,0.0038235688743054664,0.03971526811882939,0.03582709353888332,0.03582709353888359,0.0778164746752138,0.036955062826346585,0.027935975158662384,0.12498905008084306,0.054579880049078267,0.0,0.01636694345268723,0.027935975158662477,0.0130391621142239,0.0031907142288320435,0.03635064878143396,0.07569429089428695,0.06620697738800949,0.035827093538882776,0.038162570333776166,0.0,0.03582709353888283,0.014757744287414575,0.03582709353888298,0.09701641918622256,0.03993207149878466
12,0.18873055329629623,0.16764637908685817,0.17511581631587927,0.1491626314724526,0.09701641918622084,0.11234801986136642,0.11234801986136628,0.1279516665683592,0.13270528358068623,0.07432945062118625,0.09701641918622153,0.0,0.07076766188998149,0.14461883554874502,0.07288418747980364,0.07288418747980369,0.05442223973781802,0.07270116628233562,0.07288418747980394,0.11111430423821396,0.07288418747980337,0.07270116628233575,0.07288418747980412,0.13838972771976354,0.09710134614751956,0.09769769585933263,0.06760668552829396,0.12603259143024811,0.1085176099461724,0.12281704015457164,0.10978298964200431,0.15070450246728098,0.17659603565236684,0.18558151985125257,0.1383897277197631,0.12281704015457212,0.18873055329629565,0.1751158163158793,0.16764637908685834,0.07270116628233513,0.13270528358068592,0.18558151985125232,0.12795166656835805,0.09710134614751931,0.1260325914302488,0.07288418747980398,0.07288418747980353,0.15070450246728243,0.07270116628233497,0.11234801986136717,0.17659603565236734,0.05442223973781997,0.09701641918622096,0.11111430423821327,0.11234801986136717,0.10851760994617253,0.09769769585933366,0.07432945062118707,0.14916263147245182,0.14461883554874436,0.0728841874798037,0.07076766188998042,0.0970164191862209,0.07288418747980435,0.10978298964200414,0.07288418747980395,0.0,0.06760668552829437
13,0.1599532622400857,0.12701106699294853,0.13691511678977278,0.10052841984721655,0.0381625703337751,0.06216660291332096,0.06216660291332093,0.07147217910610598,0.07739626742723268,0.00493594878491564,0.03816257033377533,0.07076766188998149,0.0,0.09326572461308132,0.0047380913792257826,0.004738091379225229,0.021619793362128874,0.0022676989435992554,0.004738091379225751,0.04967503322789528,0.004738091379226091,0.0022676989435986834,0.004738091379224926,0.08786092691111357,0.036358755997621596,0.03707708242446953,0.005877078922209236,0.07074176138946077,0.047183914454356914,0.06790478691775212,0.04871676808194354,0.10325607325189208,0.14257429410638564,0.15752680892459694,0.08786092691111319,0.06790478691775177,0.1599532622400849,0.1369151167897732,0.12701106699295006,0.002267698943598699,0.07739626742723273,0.15752680892459703,0.07147217910610743,0.036358755997621554,0.0707417613894614,0.004738091379225433,0.004738091379224493,0.10325607325189301,0.0022676989435987684,0.06216660291332071,0.14257429410638583,0.02161979336212892,0.03816257033377602,0.04967503322789395,0.062166602913320684,0.04718391445435817,0.03707708242446964,0.004935948784914577,0.10052841984721642,0.0932657246130806,0.004738091379225649,0.0,0.038162570333776,0.004738091379225582,0.048716768081943106,0.004738091379225462,0.07076766188998235,0.005877078922209139
14,0.10209496467863968,0.052361687263386684,0.0639008418914418,0.01731363767466671,0.06620697738801014,0.044265754244984044,0.04426575424498413,0.02678149831990145,0.02150827763271071,0.09045438728240124,0.06620697738801025,0.14461883554874502,0.09326572461308132,0.0,0.0925718597469361,0.09257185974693591,0.11272869748638469,0.09121952111960152,0.09257185974693599,0.05042605063424142,0.09257185974693678,0.09121952111960162,0.09257185974693581,0.008780705621656252,0.06811977475320215,0.06748469427449404,0.0983778170410487,0.02992795832484027,0.05437916345981192,0.03412155036733145,0.05275169724588363,0.019610935020518697,0.07808314981717002,0.10148517835938821,0.008780705621656462,0.03412155036733167,0.10209496467863988,0.06390084189144367,0.05236168726338769,0.09121952111960323,0.021508277632708874,0.10148517835938879,0.026781498319902494,0.06811977475320216,0.02992795832483957,0.09257185974693616,0.09257185974693623,0.019610935020518555,0.09121952111960295,0.044265754244983926,0.07808314981716946,0.11272869748638559,0.06620697738801036,0.050426050634241326,0.04426575424498396,0.05437916345981141,0.06748469427449322,0.09045438728240096,0.017313637674667044,0.0,0.09257185974693577,0.0932657246130821,0.06620697738801011,0.09257185974693577,0.052751697245883265,0.09257185974693581,0.1446188355487451,0.09837781704104864
15,0.1601051992891623,0.12670458288316822,0.13608286143918438,0.10023921522924649,0.03582709353888303,0.05989996724175893,0.059899967241758834,0.07103920877770839,0.07608607188544822,0.002089987262225743,0.03582709353888329,0.07288418747980364,0.0047380913792257826,0.0925718597469361,0.0,0.0,0.02328852808978979,0.003072189742353369,0.0,0.04877019351633785,0.0,0.003072189742353235,0.0,0.0841212394089717,0.032162160750572114,0.032729204361728284,0.006486397057148607,0.06768372404205561,0.0447495902501103,0.06367274289537422,0.046416479662864114,0.1012582401246898,0.13984892064963153,0.1551738700338413,0.08412123940897168,0.06367274289537407,0.16010519928916164,0.1360828614391845,0.12670458288316794,0.0030721897423514775,0.07608607188544837,0.15517387003384178,0.07103920877770734,0.03216216075057198,0.06768372404205694,0.0,0.0,0.10125824012469002,0.0030721897423512615,0.05989996724175905,0.13984892064963086,0.023288528089790185,0.03582709353888253,0.04877019351633795,0.0598999672417589,0.044749590250110244,0.032729204361728895,0.002089987262225623,0.10023921522924592,0.09257185974693537,0.0,0.0047380913792248874,0.035827093538882665,0.0,0.04641647966286473,0.0,0.07288418747980449,0.006486397057148329
16,0.16010519928916228,0.1267045828831681,0.1360828614391843,0.10023921522924642,0.03582709353888257,0.05989996724175918,0.05989996724175908,0.07103920877770842,0.07608607188544803,0.0020899872622259365,0.03582709353888311,0.07288418747980369,0.004738091379225229,0.09257185974693591,0.0,0.0,0.023288528089789914,0.003072189742351456,0.0,0.048770193516337795,0.0,0.003072189742351652,0.0,0.08412123940897183,0.032162160750571794,0.032729204361728506,0.006486397057148049,0.06768372404205604,0.04474959025011001,0.06367274289537413,0.04641647966286366,0.10125824012468909,0.13984892064963156,0.1551738700338404,0.08412123940897162,0.063672742895374,0.16010519928916161,0.13608286143918422,0.12670458288316752,0.003072189742351442,0.07608607188544797,0.15517387003384125,0.07103920877770738,0.032162160750572405,0.06768372404205703,0.0,0.0,0.10125824012468979,0.003072189742351267,0.05989996724175883,0.13984892064963084,0.023288528089790792,0.03582709353888237,0.04877019351633758,0.059899967241758736,0.044749590250110806,0.03272920436172947,0.002089987262226159,0.10023921522924598,0.09257185974693505,0.0,0.004738091379225039,0.035827093538882214,0.0,0.04641647966286436,0.0,0.07288418747980435,0.006486397057147791
17,0.17897259234756857,0.14598841746870403,0.155501487298257,0.1200805889132703,0.05457988004907729,0.07469906288555857,0.07469906288555848,0.09155403867906924,0.0967373514572301,0.02503928269496347,0.054579880049077364,0.05442223973781802,0.021619793362128874,0.11272869748638469,0.02328852808978979,0.023288528089789914,0.0,0.023861339655681095,0.02328852808978949,0.06993716233739362,0.02328852808978957,0.023861339655681414,0.02328852808979005,0.10527313683362488,0.05328267742595863,0.05395507414285941,0.016926896338526155,0.08908484497343407,0.06656508416177638,0.0853265975403244,0.06812320400517234,0.12156965375271488,0.15984008932229524,0.17487332011743692,0.10527313683362466,0.08532659754032443,0.1789725923475687,0.15550148729825738,0.14598841746870383,0.023861339655681154,0.09673735145723057,0.17487332011743745,0.09155403867906844,0.05328267742595928,0.08908484497343498,0.023288528089789987,0.02328852808979051,0.1215696537527153,0.023861339655681033,0.07469906288555725,0.1598400893222954,0.0,0.054579880049076636,0.06993716233739335,0.07469906288555729,0.06656508416177676,0.053955074142860146,0.025039282694963957,0.12008058891327027,0.1127286974863848,0.023288528089790463,0.02161979336212863,0.054579880049076615,0.023288528089790077,0.06812320400517308,0.02328852808978933,0.054422239737819886,0.01692689633852595
18,0.15812493352838472,0.12507603269572637,0.1350138073605226,0.09846223243656423,0.03695506282634649,0.061268717420379114,0.06126871742037908,0.0693245557016747,0.07531953739944482,0.002683767329665165,0.03695506282634681,0.07270116628233562,0.0022676989435992554,0.09121952111960152,0.003072189742353369,0.003072189742351456,0.023861339655681095,0.0,0.003072189742351742,0.0474989466776444,0.0030721897423513634,0.0,0.0030721897423532677,0.0860292812717613,0.0351619207549684,0.03578330290586457,0.008191289491840986,0.06880090872333866,0.04506795436754757,0.06607749218453919,0.04660309275488833,0.10134452853284634,0.1408008478329139,0.15576986140837723,0.08602928127176077,0.06607749218453918,0.15812493352838516,0.13501380736052382,0.12507603269572695,0.0,0.07531953739944548,0.15576986140837665,0.06932455570167374,0.03516192075496894,0.06880090872333894,0.0030721897423522816,0.003072189742352484,0.10134452853284616,0.0,0.06126871742037974,0.14080084783291416,0.023861339655682167,0.03695506282634672,0.047498946677645516,0.06126871742037978,0.04506795436754784,0.03578330290586552,0.0026837673296646425,0.09846223243656313,0.09121952111960167,0.003072189742352843,0.002267698943598803,0.03695506282634697,0.0030721897423517564,0.04660309275488848,0.0030721897423524034,0.07270116628233535,0.008191289491840885
19,0.16010519928916225,0.12670458288316802,0.13608286143918405,0.1002392152292461,0.03582709353888244,0.059899967241758736,0.05989996724175873,0.07103920877770813,0.07608607188544782,0.002089987262225433,0.03582709353888293,0.07288418747980394,0.004738091379225751,0.09257185974693599,0.0,0.0,0.02328852808978949,0.003072189742351742,0.0,0.04877019351633729,0.0,0.003072189742351854,0.0,0.08412123940897155,0.0321621607505716,0.03272920436172851,0.0064863970571492555,0.06768372404205512,0.04474959025010996,0.06367274289537386,0.046416479662863636,0.10125824012468937,0.1398489206496315,0.15517387003384123,0.08412123940897151,0.06367274289537388,0.16010519928916153,0.13608286143918405,0.12670458288316772,0.00307218974235205,0.07608607188544816,0.15517387003384125,0.07103920877770716,0.03216216075057232,0.06768372404205689,0.0,0.0,0.10125824012468966,0.0030721897423513613,0.05989996724175884,0.13984892064963078,0.023288528089790556,0.035827093538882165,0.04877019351633748,0.059899967241758646,0.04474959025011018,0.03272920436172926,0.002089987262223966,0.10023921522924577,0.09257185974693521,0.0,0.004738091379225378,0.03582709353888194,0.0,0.04641647966286449,0.0,0.07288418747980442,0.006486397057147323
20,0.13284267601092753,0.09204881149764162,0.10307519386880956,0.060876788818028986,0.0163669434526859,0.03340228906371618,0.03340228906371633,0.026222868110809032,0.03187386643846636,0.04664925025681587,0.01636694345268552,0.11111430423821396,0.04967503322789528,0.05042605063424142,0.04877019351633785,0.048770193516337795,0.06993716233739362,0.0474989466776444,0.04877019351633729,0.0,0.04877019351633809,0.04749894667764476,0.04877019351633789,0.04868069213754142,0.018518280792189878,0.017843116729526622,0.05490976905540093,0.028305056606872235,0.004129076509198325,0.028593393404394464,0.0023422191080352105,0.06462851344607207,0.11295416778531323,0.13154088733638536,0.04868069213754077,0.028593393404394436,0.1328426760109269,0.10307519386881248,0.09204881149764078,0.047498946677645544,0.03187386643846522,0.1315408873363853,0.026222868110808067,0.018518280792190204,0.028305056606872114,0.04877019351633813,0.0487701935163381,0.06462851344607266,0.04749894667764514,0.03340228906371632,0.11295416778531303,0.0699371623373952,0.016366943452685946,0.0,0.03340228906371606,0.004129076509196993,0.017843116729525953,0.04664925025681576,0.06087678881802845,0.05042605063424082,0.04877019351633747,0.049675033227895335,0.016366943452685488,0.04877019351633769,0.002342219108033114,0.04877019351633782,0.11111430423821395,0.05490976905540107
21,0.16010519928916253,0.12670458288316874,0.13608286143918488,0.10023921522924688,0.03582709353888334,0.059899967241759465,0.05989996724175944,0.0710392087777091,0.07608607188544851,0.00208998726222575,0.03582709353888339,0.07288418747980337,0.004738091379226091,0.09257185974693678,0.0,0.0,0.02328852808978957,0.0030721897423513634,0.0,0.04877019351633809,0.0,0.0030721897423517173,0.0,0.08412123940897215,0.03216216075057273,0.032729204361729616,0.006486397057147434,0.0676837240420569,0.04474959025011088,0.06367274289537453,0.04641647966286436,0.10125824012468984,0.139848920649632,0.1551738700338422,0.08412123940897231,0.06367274289537449,0.160105199289162,0.13608286143918466,0.12670458288316824,0.003072189742350512,0.07608607188544884,0.1551738700338425,0.0710392087777079,0.032162160750573224,0.06768372404205783,0.0,0.0,0.10125824012469034,0.003072189742351221,0.05989996724175957,0.13984892064963095,0.023288528089790348,0.03582709353888286,0.04877019351633827,0.0598999672417594,0.044749590250111604,0.03272920436172965,0.0020899872622249134,0.1002392152292464,0.09257185974693594,0.0,0.004738091379225206,0.03582709353888293,0.0,0.046416479662864746,0.0,0.0728841874798039,0.006486397057147234
22,0.15812493352838475,0.12507603269572626,0.13501380736052304,0.09846223243656421,0.036955062826346315,0.06126871742037914,0.06126871742037901,0.06932455570167463,0.07531953739944516,0.002683767329665491,0.03695506282634671,0.07270116628233575,0.0022676989435986834,0.09121952111960162,0.003072189742353235,0.003072189742351652,0.023861339655681414,0.0,0.003072189742351854,0.04749894667764476,0.0030721897423517173,0.0,0.003072189742351729,0.08602928127176107,0.03516192075496873,0.0357833029058646,0.008191289491841018,0.06880090872333842,0.04506795436754787,0.06607749218453916,0.046603092754888484,0.10134452853284609,0.14080084783291405,0.15576986140837645,0.08602928127176077,0.06607749218453911,0.15812493352838536,0.135013807360524,0.12507603269572742,0.0,0.07531953739944591,0.15576986140837706,0.06932455570167362,0.03516192075496882,0.06880090872333891,0.0030721897423511657,0.003072189742351241,0.1013445285328468,0.0,0.06126871742037989,0.14080084783291447,0.023861339655682094,0.036955062826347085,0.04749894667764524,0.061268717420380064,0.04506795436754746,0.03578330290586532,0.0026837673296648506,0.0984622324365634,0.09121952111960216,0.003072189742351746,0.002267698943598614,0.03695506282634701,0.0030721897423518878,0.046603092754888775,0.0030721897423521493,0.07270116628233536,0.008191289491840694
23,0.16010519928916217,0.12670458288316797,0.13608286143918458,0.10023921522924649,0.03582709353888265,0.05989996724175926,0.05989996724175927,0.07103920877770824,0.076086071885448,0.002089987262226526,0.035827093538882776,0.07288418747980412,0.004738091379224926,0.09257185974693581,0.0,0.0,0.02328852808979005,0.0030721897423532677,0.0,0.04877019351633789,0.0,0.003072189742351729,0.0,0.08412123940897163,0.032162160750571774,0.03272920436172773,0.006486397057148201,0.06768372404205616,0.044749590250110174,0.06367274289537389,0.04641647966286421,0.10125824012468927,0.13984892064963086,0.15517387003383998,0.08412123940897175,0.06367274289537375,0.16010519928916175,0.13608286143918444,0.1267045828831678,0.003072189742351312,0.07608607188544796,0.15517387003384076,0.07103920877770752,0.03216216075057256,0.06768372404205553,0.0,0.0,0.10125824012468923,0.0030721897423508305,0.05989996724175867,0.13984892064963061,0.02328852808979041,0.035827093538882034,0.048770193516337636,0.05989996724175853,0.04474959025011132,0.03272920436172968,0.0020899872622263493,0.10023921522924586,0.0925718597469351,0.0,0.00473809137922569,0.03582709353888229,0.0,0.04641647966286446,0.0,0.07288418747980416,0.006486397057147839
24,0.11071069673903793,0.05953956534852356,0.07216270077240305,0.02129210724908681,0.059025841801323635,0.03676763188956884,0.036767631889568955,0.024666790753350723,0.023272262313853386,0.08351573906561337,0.05902584180132371,0.13838972771976354,0.08786092691111357,0.008780705621656252,0.0841212394089717,0.08412123940897183,0.10527313683362488,0.0860292812717613,0.08412123940897155,0.04868069213754142,0.08412123940897215,0.08602928127176107,0.08412123940897163,0.0,0.05948108895303287,0.058800177245178414,0.08994031348031843,0.022263006237315062,0.04881927946437669,0.025253745733771177,0.04779710871477125,0.02265519726931255,0.0808602174692067,0.10568942973196462,0.0,0.025253745733771527,0.11071069673903774,0.07216270077240361,0.059539565348523234,0.08602928127176084,0.02327226231385312,0.10568942973196621,0.024666790753350414,0.05948108895303311,0.022263006237313886,0.08412123940897255,0.08412123940897255,0.022655197269313233,0.08602928127176108,0.03676763188956883,0.08086021746920641,0.10527313683362513,0.059025841801324364,0.048680692137541275,0.036767631889568796,0.04881927946437695,0.058800177245178296,0.08351573906561327,0.02129210724908627,0.008780705621656141,0.08412123940897205,0.08786092691111348,0.059025841801324336,0.08412123940897198,0.047797108714771525,0.08412123940897215,0.13838972771976402,0.08994031348031768
25,0.14970537510143556,0.10900261127954071,0.11972475167317378,0.0777554232107405,0.0038235688743055805,0.03117854454591795,0.031178544545917918,0.04386320176545725,0.04919115698569518,0.03339879423614545,0.0038235688743061603,0.09710134614751956,0.036358755997621596,0.06811977475320215,0.032162160750572114,0.032162160750571794,0.05328267742595863,0.0351619207549684,0.0321621607505716,0.018518280792189878,0.03216216075057273,0.03516192075496873,0.032162160750571774,0.05948108895303287,0.0,0.0006814582567550621,0.0372708100627458,0.040499983663306614,0.014334210055627841,0.036502696023175026,0.01610525375024368,0.07893452099142687,0.12547804581954616,0.14470215114258692,0.059481088953032335,0.036502696023174915,0.14970537510143522,0.11972475167317397,0.10900261127954064,0.03516192075496806,0.0491911569856957,0.14470215114258847,0.04386320176545614,0.0,0.04049998366330675,0.03216216075057306,0.03216216075057313,0.07893452099142736,0.035161920754968136,0.031178544545916752,0.12547804581954686,0.05328267742595903,0.0038235688743064977,0.018518280792189857,0.031178544545916734,0.014334210055629026,0.0006814582567541301,0.03339879423614558,0.07775542321073996,0.0681197747532011,0.032162160750572426,0.03635875599762172,0.003823568874306589,0.03216216075057244,0.01610525375024455,0.032162160750572745,0.09710134614752064,0.03727081006274523
26,0.1491070270988623,0.10838997012170803,0.1191165595138052,0.0771268227837041,0.0031907142288331207,0.030700236860643874,0.03070023686064398,0.04320973341920199,0.04853840230915706,0.033936469341063744,0.003190714228832765,0.09769769585933263,0.03707708242446953,0.06748469427449404,0.032729204361728284,0.032729204361728506,0.05395507414285941,0.03578330290586457,0.03272920436172851,0.017843116729526622,0.032729204361729616,0.0357833029058646,0.03272920436172773,0.058800177245178414,0.0006814582567550621,0.0,0.037881890349185314,0.03985559119319064,0.013659783976385141,0.03578479914338361,0.015430427464808003,0.07830631760773127,0.12487036106859095,0.14412241940906373,0.05880017724517871,0.035784799143383395,0.14910702709886184,0.11911655951380527,0.10838997012170806,0.03578330290586428,0.0485384023091572,0.14412241940906426,0.04320973341920107,0.000681458256754097,0.03985559119319059,0.03272920436172919,0.03272920436172949,0.07830631760773263,0.03578330290586369,0.030700236860643524,0.12487036106859144,0.0539550741428591,0.003190714228832371,0.017843116729526095,0.030700236860643423,0.013659783976384867,0.0,0.03393646934106404,0.07712682278370328,0.06748469427449331,0.03272920436172848,0.037077082424469734,0.0031907142288325574,0.03272920436172865,0.01543042746480761,0.032729204361728825,0.09769769585933273,0.03788189034918646
27,0.1654531975439199,0.13220205281805567,0.1415356640953762,0.1059595323415528,0.03993207149878495,0.06261855407644798,0.06261855407644787,0.07700238976499142,0.08198845979902716,0.008686856624018061,0.0399320714987846,0.06760668552829396,0.005877078922209236,0.0983778170410487,0.006486397057148607,0.006486397057148049,0.016926896338526155,0.008191289491840986,0.0064863970571492555,0.05490976905540093,0.006486397057147434,0.008191289491841018,0.006486397057148201,0.08994031348031843,0.0372708100627458,0.037881890349185314,0.0,0.07368970960461134,0.050950326430397846,0.0696020382009956,0.05255538350428507,0.10691587372454882,0.14533253993849754,0.16054412779033192,0.08994031348031814,0.06960203820099592,0.1654531975439192,0.14153566409537655,0.13220205281805558,0.008191289491840805,0.0819884597990275,0.1605441277903331,0.07700238976499063,0.03727081006274572,0.07368970960461174,0.006486397057147971,0.006486397057147424,0.10691587372454951,0.008191289491841544,0.06261855407644713,0.1453325399384962,0.016926896338526537,0.03993207149878517,0.054909769055400855,0.06261855407644705,0.0509503264303986,0.03788189034918834,0.008686856624017514,0.10595953234155235,0.0983778170410477,0.006486397057147305,0.005877078922208804,0.039932071498785054,0.006486397057148557,0.05255538350428539,0.006486397057148092,0.06760668552829457,0.0
28,0.12313414899705906,0.0764956805207272,0.08827732110883328,0.04122331289399196,0.03971526811883014,0.015428582175745616,0.015428582175745404,0.0033283443890391473,0.008763319610295306,0.06614962393376338,0.03971526811883001,0.12603259143024811,0.07074176138946077,0.02992795832484027,0.06768372404205561,0.06768372404205604,0.08908484497343407,0.06880090872333866,0.06768372404205512,0.028305056606872235,0.0676837240420569,0.06880090872333842,0.06768372404205616,0.022263006237315062,0.040499983663306614,0.03985559119319064,0.07368970960461134,0.0,0.02838012536531561,0.004139976907644463,0.027325084575403523,0.042516486971673456,0.09583688678419228,0.11809392815482381,0.022263006237314028,0.004139976907645414,0.1231341489970584,0.08827732110883366,0.07649568052072742,0.0688009087233378,0.008763319610293224,0.11809392815482468,0.0033283443890391546,0.040499983663306455,0.0,0.06768372404205704,0.06768372404205629,0.042516486971674476,0.06880090872333784,0.015428582175745999,0.09583688678419172,0.08908484497343513,0.03971526811883007,0.02830505660687215,0.015428582175745352,0.028380125365314902,0.03985559119318946,0.0661496239337633,0.04122331289399105,0.02992795832483922,0.06768372404205623,0.07074176138946077,0.03971526811883011,0.06768372404205626,0.02732508457540434,0.06768372404205611,0.12603259143024853,0.07368970960461302
29,0.13656178299459154,0.09562323743174579,0.10641589378840546,0.06411974021350417,0.013039162114223709,0.03228210527353438,0.032282105273534284,0.029838153450659734,0.03517445751942365,0.04258234422569467,0.013039162114223918,0.1085176099461724,0.047183914454356914,0.05437916345981192,0.0447495902501103,0.04474959025011001,0.06656508416177638,0.04506795436754757,0.04474959025010996,0.004129076509198325,0.04474959025011088,0.04506795436754787,0.044749590250110174,0.04881927946437669,0.014334210055627841,0.013659783976385141,0.050950326430397846,0.02838012536531561,0.0,0.027922783705511312,0.0016159543777017702,0.06533730513047142,0.11343974541567797,0.1321844889051328,0.04881927946437578,0.027922783705510906,0.13656178299459099,0.10641589378840573,0.09562323743174557,0.045067954367547756,0.035174457519423497,0.1321844889051319,0.029838153450658936,0.014334210055626852,0.028380125365314156,0.044749590250111104,0.04474959025011075,0.06533730513047085,0.04506795436754774,0.03228210527353415,0.1134397454156778,0.06656508416177587,0.01303916211422374,0.004129076509197787,0.03228210527353406,0.0,0.01365978397638425,0.04258234422569421,0.06411974021350293,0.05437916345981145,0.04474959025010989,0.04718391445435774,0.013039162114224678,0.04474959025011066,0.001615954377701691,0.044749590250110084,0.10851760994617247,0.05095032643039835
30,0.1272212290282197,0.08062493099799511,0.09239407139631904,0.045397924707137625,0.03600466594540034,0.011545557853155681,0.0115455578531561,0.007463697343858571,0.013011089397295394,0.06357459946112302,0.036004665945400555,0.12281704015457164,0.06790478691775212,0.03412155036733145,0.06367274289537422,0.06367274289537413,0.0853265975403244,0.06607749218453919,0.06367274289537386,0.028593393404394464,0.06367274289537453,0.06607749218453916,0.06367274289537389,0.025253745733771177,0.036502696023175026,0.03578479914338361,0.0696020382009956,0.004139976907644463,0.027922783705511312,0.0,0.027321094947319772,0.046708922504478494,0.09991063009272808,0.12224431788114798,0.025253745733769845,0.0,0.12722122902821936,0.09239407139631979,0.08062493099799506,0.06607749218453908,0.013011089397294638,0.12224431788114833,0.007463697343858842,0.036502696023175234,0.004139976907644584,0.06367274289537408,0.06367274289537414,0.046708922504479444,0.06607749218453893,0.01154555785315466,0.09991063009272795,0.08532659754032446,0.03600466594540089,0.028593393404394495,0.011545557853154816,0.02792278370551117,0.03578479914338305,0.06357459946112211,0.045397924707136814,0.03412155036733054,0.06367274289537392,0.06790478691775227,0.036004665945400846,0.06367274289537392,0.02732109494731992,0.06367274289537411,0.12281704015457252,0.06960203820099498
