,1,2,3,4,5,6,7,8,9,10,11,12,13,14,15,16,17,18,19,20,21,22,23,24,25,26,27,28,29,30,31,32,33,34,35,36,37,38,39,40,41,42,43,44,45,46,47,48,49,50,51,52,53,54,55,56,57,58,59,60,61,62,63,64,65,66,67,68
1,0.0,0.07011098507712736,0.055253725729941576,0.11322934993690031,0.19536167279704567,0.17054231574926426,0.17054231574926434,0.1531555746774356,0.14763694434633068,0.22756302110035662,0.1953616727970456,0.3048556261207854,0.23031491515092306,0.12599186277322602,0.22968765268283067,0.22968765268283056,0.25185879602686045,0.2280292091926671,0.22968765268283048,0.17946041719954445,0.229687652682831,0.22802920919266703,0.22968765268283042,0.13480757787864506,0.197900700451472,0.19723129694884312,0.23625072216777462,0.15643078282029693,0.1836188496405218,0.16065871277403437,0.18186310854992624,0.11180148985890889,0.04175566815202772,0.004955256428708898,0.13480757787864547,0.16065871277403462,0.0,0.05525372572994144,0.07011098507712721,0.22802920919266811,0.14763694434633082,0.004955256428708466,0.1531555746774371,0.19790070045147232,0.15643078282029624,0.2296876526828308,0.2296876526828309,0.11180148985890898,0.22802920919266823,0.1705423157492648,0.041755668152027504,0.25185879602686173,0.19536167279704744,0.1794604171995442,0.1705423157492648,0.18361884964052122,0.19723129694884206,0.2275630211003567,0.11322934993690184,0.12599186277322727,0.22968765268283037,0.230314915150924,0.19536167279704744,0.22968765268283042,0.18186310854992635,0.22968765268283042,0.30485562612078676,0.23625072216777457
2,0.07011098507712736,0.0,0.015477961690685223,0.04345672533756421,0.12675408177887929,0.10144180936393507,0.10144180936393549,0.0838395670219963,0.07993043010105869,0.1592357649588103,0.12675408177887937,0.2381184601206051,0.1623625094514553,0.05787217604687934,0.16136146702064613,0.16136146702064585,0.1836527611477593,0.16001634420101868,0.16136146702064594,0.1107246653965599,0.16136146702064674,0.1600163442010186,0.1613614670206458,0.06517688836356093,0.12898846666112732,0.1283156749292134,0.16795499097938016,0.0870708467410788,0.11465852557650841,0.09130803789911916,0.11289364791108195,0.041972121594000725,0.03292504831930618,0.06857435662328737,0.06517688836356178,0.09130803789912015,0.07011098507712676,0.015477961690683795,0.0,0.16001634420101932,0.07993043010105862,0.0685743566232883,0.08383956702199673,0.12898846666112745,0.0870708467410786,0.1613614670206465,0.16136146702064644,0.04197212159400119,0.16001634420101996,0.10144180936393565,0.032925048319305796,0.18365276114775997,0.12675408177887929,0.11072466539656028,0.10144180936393532,0.11465852557650788,0.12831567492921217,0.15923576495881006,0.04345672533756561,0.0578721760468802,0.16136146702064572,0.1623625094514555,0.12675408177887926,0.1613614670206459,0.11289364791108251,0.16136146702064597,0.23811846012060528,0.16795499097938024
3,0.055253725729941576,0.015477961690685223,0.0,0.05897746733147149,0.14178665787740974,0.11650726837622175,0.11650726837622204,0.09931619585369479,0.09293368399178158,0.17382418374852243,0.14178665787740996,0.25281547043174285,0.17749924350196242,0.07158816211707013,0.17594917760008083,0.17594917760008053,0.19845694717495035,0.17517393093172107,0.17594917760008044,0.12564817941967849,0.17594917760008122,0.17517393093172154,0.17594917760008089,0.07999732949292362,0.14368306642663778,0.14301156606377546,0.18253103712209717,0.10185030765415069,0.12937039616282783,0.10608439992081925,0.12760826623215984,0.056819975798187705,0.021184340608917565,0.0550074942637332,0.07999732949292462,0.10608439992082022,0.05525372572994165,0.0,0.01547796169068256,0.17517393093172243,0.09293368399178192,0.05500749426373356,0.09931619585369512,0.14368306642663764,0.10185030765415021,0.17594917760008072,0.17594917760008089,0.056819975798187795,0.17517393093172182,0.11650726837622233,0.021184340608918505,0.19845694717495085,0.14178665787741074,0.12564817941968026,0.11650726837622237,0.12937039616282794,0.14301156606377471,0.1738241837485221,0.058977467331472654,0.07158816211707063,0.17594917760008014,0.1774992435019622,0.14178665787741074,0.1759491776000802,0.12760826623216012,0.17594917760008044,0.25281547043174224,0.18253103712209717
4,0.11322934993690031,0.04345672533756421,0.05897746733147149,0.0,0.08356590530011224,0.05810414455149713,0.05810414455149727,0.040674300312733634,0.03873154067709338,0.11640553937670382,0.08356590530011232,0.19581825988610496,0.11937970649641023,0.017790479479872577,0.11853198163587607,0.11853198163587594,0.1408625628992337,0.11698553968177443,0.11853198163587565,0.06802170888413527,0.11853198163587648,0.11698553968177439,0.11853198163587604,0.021808840627969745,0.08589232804075717,0.08521739018544791,0.1251459412918404,0.043788558779007024,0.07153311223503725,0.04803055779311981,0.06974343625677192,0.00409267980997928,0.07569438207213444,0.11146901592207538,0.021808840627970078,0.048030557793120314,0.11322934993689912,0.05897746733147071,0.04345672533756455,0.11698553968177444,0.03873154067709224,0.11146901592207543,0.04067430031273422,0.0858923280407574,0.043788558779006274,0.11853198163587647,0.11853198163587653,0.004092679809980268,0.11698553968177448,0.05810414455149705,0.07569438207213391,0.14086256289923513,0.08356590530011308,0.0680217088841349,0.05810414455149707,0.07153311223503654,0.08521739018544686,0.11640553937670362,0.0,0.017790479479873153,0.11853198163587578,0.1193797064964106,0.08356590530011296,0.11853198163587597,0.06974343625677151,0.11853198163587594,0.1958182598861054,0.12514594129183995
5,0.19536167279704567,0.12675408177887929,0.14178665787740974,0.08356590530011224,0.0,0.029237750572531872,0.029237750572531675,0.043141194008466915,0.04918940955040539,0.0384370441668681,0.0,0.11338537388420285,0.0404611323696599,0.07082772699624477,0.037918535829017185,0.03791853582901669,0.05785771795055601,0.0391273203259411,0.03791853582901659,0.0163669434526859,0.037918535829017504,0.03912732032594092,0.03791853582901679,0.06348254168275275,0.0038235688743055805,0.0031907142288331207,0.042389829089328514,0.04120831577345647,0.013039162114223709,0.0374311772138835,0.014757744287413572,0.08593368055945028,0.15602500912904527,0.1918554058380977,0.06348254168275257,0.03743117721388411,0.1953616727970459,0.1417866578774098,0.12675408177887842,0.039127320325941226,0.04918940955040588,0.19185540583809768,0.043141194008465875,0.0038235688743057127,0.041208315773455746,0.03791853582901771,0.03791853582901797,0.08593368055945075,0.039127320325940934,0.029237750572533257,0.1560250091290455,0.05785771795055695,0.0,0.01636694345268675,0.029237750572533288,0.013039162114223884,0.003190714228831607,0.038437044166868384,0.08356590530011175,0.07082772699624412,0.037918535829016664,0.040461132369660924,0.0,0.03791853582901681,0.014757744287413933,0.03791853582901734,0.11338537388420403,0.04238982908932818
6,0.17054231574926426,0.10144180936393507,0.11650726837622175,0.05810414455149713,0.029237750572531872,0.0,0.0,0.017545055743778692,0.023538064932309154,0.06738532441140237,0.029237750572531862,0.13896677572737062,0.06924783158262644,0.045304103568775345,0.06660995282002982,0.06660995282003006,0.08322528213763665,0.06812545524689442,0.0666099528200296,0.03434877829332678,0.06660995282003036,0.06812545524689435,0.06660995282003011,0.03773155703321051,0.032608151307935936,0.03210677429748392,0.06994646179136704,0.015428582175745616,0.0333569340800562,0.011545557853155681,0.033440799236698265,0.06036129329659947,0.13069874627532635,0.1667851230541822,0.03773155703321085,0.011545557853155926,0.17054231574926404,0.11650726837622191,0.10144180936393442,0.0681254552468948,0.023538064932308433,0.16678512305418314,0.017545055743778428,0.032608151307935825,0.015428582175745376,0.06660995282003115,0.06660995282003063,0.06036129329660027,0.06812545524689458,0.0,0.13069874627532696,0.08322528213763716,0.02923775057253268,0.03434877829332648,0.0,0.03335693408005598,0.03210677429748337,0.0673853244114021,0.05810414455149614,0.04530410356877548,0.06660995282002995,0.06924783158262676,0.029237750572533402,0.06660995282003075,0.03344079923669811,0.06660995282003052,0.1389667757273729,0.06994646179136627
7,0.17054231574926434,0.10144180936393549,0.11650726837622204,0.05810414455149727,0.029237750572531675,0.0,0.0,0.01754505574377978,0.023538064932309213,0.06738532441140214,0.02923775057253182,0.13896677572737054,0.06924783158262639,0.045304103568775435,0.0666099528200297,0.06660995282002995,0.08322528213763658,0.06812545524689441,0.06660995282002957,0.034348778293326936,0.06660995282003034,0.06812545524689431,0.06660995282003013,0.037731557033210635,0.032608151307935825,0.03210677429748403,0.06994646179136693,0.015428582175745404,0.03335693408005611,0.0115455578531561,0.03344079923669824,0.06036129329659949,0.1306987462753263,0.1667851230541822,0.0377315570332107,0.011545557853155914,0.1705423157492641,0.11650726837622218,0.10144180936393477,0.06812545524689491,0.02353806493230905,0.16678512305418314,0.017545055743778234,0.032608151307935714,0.015428582175744743,0.0666099528200312,0.0666099528200309,0.060361293296600026,0.06812545524689462,0.0,0.1306987462753268,0.08322528213763711,0.029237750572533288,0.0343487782933263,0.0,0.03335693408005633,0.03210677429748343,0.0673853244114021,0.05810414455149658,0.04530410356877562,0.06660995282002981,0.0692478315826267,0.029237750572532976,0.06660995282003065,0.03344079923669831,0.06660995282003061,0.13896677572737282,0.06994646179136621
8,0.1531555746774356,0.0838395670219963,0.09931619585369479,0.040674300312733634,0.043141194008466915,0.017545055743778692,0.01754505574377978,0.0,0.0064469044862673595,0.07614582287133034,0.04314119400846685,0.15603430855060757,0.07913655364754449,0.02769526440518234,0.07827287364945239,0.07827287364945215,0.10065256174003258,0.07673316226740776,0.07827287364945207,0.027344914522572702,0.07827287364945287,0.07673316226740769,0.07827287364945222,0.025533880136073623,0.04546824998461649,0.04479171794599931,0.0849039264879973,0.0033283443890391473,0.031088509163096842,0.007463697343858571,0.029314949405854048,0.04487868914367556,0.116107341024937,0.1515612933495376,0.0255338801360731,0.007463697343859763,0.15315557467743512,0.09931619585369607,0.08383956702199548,0.0767331622674081,0.006446904486265939,0.1515612933495389,0.0,0.04546824998461652,0.003328344389039209,0.07827287364945303,0.07827287364945307,0.044878689143675245,0.07673316226740826,0.017545055743778983,0.11610734102493697,0.10065256174003301,0.04314119400846765,0.0273449145225721,0.01754505574377895,0.03108850916309655,0.04479171794599824,0.07614582287133005,0.04067430031273293,0.027695264405180837,0.07827287364945232,0.07913655364754683,0.04314119400846758,0.07827287364945236,0.029314949405854298,0.07827287364945264,0.15603430855060776,0.08490392648799715
9,0.14763694434633068,0.07993043010105869,0.09293368399178158,0.03873154067709338,0.04918940955040539,0.023538064932309154,0.023538064932309213,0.0064469044862673595,0.0,0.08166362368979337,0.04918940955040565,0.1620196840568743,0.08553971311321519,0.022266884934122894,0.08378992372267494,0.08378992372267476,0.10646645002802563,0.08319818064123406,0.08378992372267449,0.033201357151997214,0.0837899237226753,0.08319818064123435,0.0837899237226747,0.023984181069638715,0.05100150964887832,0.05032569808184686,0.0904134573881722,0.008763319610295306,0.03663022091898935,0.013011089397295394,0.034857446526520855,0.041152243633287976,0.11171454358164651,0.1465462429478378,0.023984181069639142,0.013011089397296487,0.14763694434632985,0.09293368399178213,0.07993043010105906,0.0831981806412346,0.0,0.14654624294783758,0.006446904486267736,0.05100150964887839,0.008763319610294019,0.0837899237226755,0.0837899237226754,0.04115224363328765,0.0831981806412347,0.02353806493230982,0.11171454358164654,0.10646645002802732,0.04918940955040681,0.03320135715199521,0.02353806493230873,0.036630220918989376,0.050325698081846115,0.0816636236897924,0.03873154067709332,0.02226688493412127,0.08378992372267474,0.0855397131132154,0.04918940955040666,0.08378992372267514,0.034857446526519356,0.08378992372267499,0.1620196840568744,0.09041345738817225
10,0.22756302110035662,0.1592357649588103,0.17382418374852243,0.11640553937670382,0.0384370441668681,0.06738532441140237,0.06738532441140214,0.07614582287133034,0.08166362368979337,0.0,0.03843704416686816,0.08162342800439232,0.00493594878491564,0.10354672966108433,0.002089987262225743,0.0020899872622259365,0.025227655522102505,0.002683767329665165,0.002089987262225433,0.04931049758723663,0.00208998726222575,0.002683767329665491,0.002089987262226526,0.0961905042720665,0.03522559649275705,0.03581366608941335,0.008728864586678464,0.07340817290539307,0.0450823602934709,0.07067904710260323,0.04682216528608712,0.11769974652615608,0.18748650884246043,0.22279645305100287,0.09619050427206634,0.07067904710260238,0.22756302110035656,0.17382418374852218,0.1592357649588108,0.0026837673296657384,0.081663623689793,0.22279645305100373,0.07614582287132907,0.03522559649275656,0.07340817290539356,0.0020899872622261763,0.002089987262225318,0.11769974652615633,0.002683767329665002,0.06738532441140195,0.1874865088424606,0.025227655522102866,0.03843704416686883,0.0493104975872375,0.06738532441140183,0.045082360293471284,0.035813666089414525,0.0,0.11640553937670395,0.10354672966108357,0.0020899872622259525,0.0049359487849136505,0.03843704416686875,0.0020899872622261945,0.04682216528608776,0.0020899872622259035,0.08162342800439347,0.008728864586677976
11,0.1953616727970456,0.12675408177887937,0.14178665787740996,0.08356590530011232,0.0,0.029237750572531862,0.02923775057253182,0.04314119400846685,0.04918940955040565,0.03843704416686816,0.0,0.11338537388420347,0.04046113236966012,0.07082772699624484,0.037918535829017455,0.03791853582901723,0.057857717950556074,0.03912732032594139,0.03791853582901707,0.01636694345268552,0.037918535829017566,0.0391273203259413,0.03791853582901689,0.06348254168275284,0.0038235688743061603,0.003190714228832765,0.04238982908932816,0.04120831577345637,0.013039162114223918,0.037431177213883705,0.014757744287414215,0.08593368055945082,0.15602500912904554,0.19185540583809765,0.06348254168275251,0.03743117721388404,0.19536167279704583,0.14178665787740977,0.12675408177887854,0.03912732032594111,0.04918940955040598,0.1918554058380976,0.04314119400846592,0.0038235688743054664,0.0412083157734558,0.0379185358290175,0.03791853582901774,0.08593368055945072,0.039127320325941246,0.029237750572532813,0.15602500912904563,0.05785771795055701,0.0,0.01636694345268723,0.029237750572532882,0.0130391621142239,0.0031907142288320435,0.038437044166868516,0.08356590530011224,0.07082772699624405,0.03791853582901692,0.040461132369660986,0.0,0.03791853582901699,0.014757744287414575,0.03791853582901714,0.11338537388420468,0.04238982908932826
12,0.3048556261207854,0.2381184601206051,0.25281547043174285,0.19581825988610496,0.11338537388420285,0.13896677572737062,0.13896677572737054,0.15603430855060757,0.1620196840568743,0.08162342800439232,0.11338537388420347,0.0,0.07737002543890546,0.18329208415594586,0.08015315296303457,0.08015315296303464,0.05901277313656677,0.07976475073294462,0.0801531529630347,0.12963825744763594,0.08015315296303412,0.07976475073294474,0.08015315296303507,0.17612735111218117,0.11271840102087227,0.11347162829852342,0.07378456968000341,0.15419562192495315,0.12641081934294474,0.1504492260349649,0.12810576184900993,0.19819012863807062,0.26672780035977534,0.3016280187849007,0.1761273511121805,0.15044922603496538,0.3048556261207848,0.25281547043174296,0.2381184601206054,0.0797647507329441,0.16201968405687406,0.3016280187849003,0.15603430855060632,0.11271840102087204,0.1541956219249538,0.0801531529630347,0.08015315296303427,0.19819012863807184,0.07976475073294394,0.13896677572737134,0.26672780035977584,0.059012773136568455,0.11338537388420286,0.12963825744763524,0.1389667757273713,0.12641081934294493,0.11347162829852453,0.08162342800439314,0.19581825988610418,0.18329208415594533,0.08015315296303445,0.07737002543890442,0.11338537388420286,0.08015315296303509,0.12810576184901004,0.08015315296303469,0.0,0.07378456968000374
13,0.23031491515092306,0.1623625094514553,0.17749924350196242,0.11937970649641023,0.0404611323696599,0.06924783158262644,0.06924783158262639,0.07913655364754449,0.08553971311321519,0.00493594878491564,0.04046113236966012,0.07737002543890546,0.0,0.10686447376651001,0.0047380913792257826,0.004738091379225229,0.021682960641214496,0.0022676989435992554,0.004738091379225751,0.0526374140125405,0.004738091379226091,0.0022676989435986834,0.004738091379224926,0.10104254447613287,0.038397794512959924,0.039166501629855514,0.005912998463047309,0.07844362706478393,0.049979494300802826,0.07538952714137125,0.051622259863994414,0.12253346772025646,0.19250791518745472,0.2278318128962015,0.10104254447613244,0.07538952714137089,0.2303149151509223,0.17749924350196294,0.16236250945145683,0.002267698943598699,0.08553971311321516,0.22783181289620164,0.07913655364754585,0.03839779451295983,0.07844362706478454,0.004738091379225433,0.004738091379224493,0.12253346772025728,0.0022676989435987684,0.06924783158262621,0.19250791518745483,0.021682960641214576,0.04046113236966069,0.05263741401253915,0.06924783158262611,0.049979494300804124,0.039166501629855605,0.004935948784914577,0.11937970649640964,0.10686447376650925,0.004738091379225649,0.0,0.0404611323696607,0.004738091379225582,0.05162225986399422,0.004738091379225462,0.07737002543890638,0.0059129984630472135
14,0.12599186277322602,0.05787217604687934,0.07158816211707013,0.017790479479872577,0.07082772699624477,0.045304103568775345,0.045304103568775435,0.02769526440518234,0.022266884934122894,0.10354672966108433,0.07082772699624484,0.18329208415594586,0.10686447376651001,0.0,0.10567271014484117,0.10567271014484096,0.12812008071620276,0.10451940329135974,0.10567271014484099,0.0544253001349176,0.10567271014484192,0.10451940329135984,0.10567271014484081,0.008780705621656252,0.07296642756697815,0.07229149397001526,0.11228693595009753,0.03082818206090088,0.05860645695012478,0.0350702849175569,0.05683555122695196,0.020165411063704352,0.090438030704357,0.12535859087013235,0.008780705621656462,0.03507028491755713,0.12599186277322624,0.07158816211707211,0.05787217604688037,0.10451940329136143,0.022266884934120986,0.12535859087013293,0.02769526440518353,0.07296642756697819,0.030828182060900294,0.10567271014484125,0.10567271014484135,0.020165411063704078,0.1045194032913612,0.04530410356877523,0.09043803070435655,0.12812008071620373,0.070827726996245,0.054425300134917524,0.04530410356877528,0.058606456950124224,0.07229149397001451,0.103546729661084,0.017790479479872664,0.0,0.10567271014484068,0.1068644737665109,0.07082772699624476,0.10567271014484074,0.0568355512269516,0.10567271014484088,0.18329208415594625,0.11228693595009755
15,0.22968765268283067,0.16136146702064613,0.17594917760008083,0.11853198163587607,0.037918535829017185,0.06660995282002982,0.0666099528200297,0.07827287364945239,0.08378992372267494,0.002089987262225743,0.037918535829017455,0.08015315296303457,0.0047380913792257826,0.10567271014484117,0.0,0.0,0.02347291339731431,0.003072189742353369,0.0,0.05143796951342226,0.0,0.003072189742353235,0.0,0.096804520106491,0.0339940112260717,0.034611449065900655,0.006528405051860296,0.07495043244704386,0.04725613653135982,0.0707850267761816,0.04902733972364563,0.1199402167471449,0.18904577123735222,0.22469917399816186,0.09680452010649096,0.07078502677618143,0.22968765268282984,0.17594917760008089,0.16136146702064583,0.0030721897423514775,0.08378992372267507,0.22469917399816225,0.07827287364945128,0.033994011226071486,0.0749504324470452,0.0,0.0,0.11994021674714514,0.0030721897423512615,0.06660995282002995,0.1890457712373516,0.023472913397314752,0.037918535829016664,0.05143796951342237,0.06660995282002978,0.04725613653135978,0.03461144906590129,0.002089987262225623,0.1185319816358754,0.10567271014484027,0.0,0.0047380913792248874,0.0379185358290168,0.0,0.0490273397236463,0.0,0.08015315296303534,0.006528405051860016
16,0.22968765268283056,0.16136146702064585,0.17594917760008053,0.11853198163587594,0.03791853582901669,0.06660995282003006,0.06660995282002995,0.07827287364945215,0.08378992372267476,0.0020899872622259365,0.03791853582901723,0.08015315296303464,0.004738091379225229,0.10567271014484096,0.0,0.0,0.02347291339731447,0.003072189742351456,0.0,0.05143796951342227,0.0,0.003072189742351652,0.0,0.09680452010649111,0.033994011226071374,0.03461144906590093,0.006528405051859636,0.0749504324470441,0.047256136531359384,0.07078502677618151,0.04902733972364519,0.11994021674714432,0.1890457712373521,0.22469917399816094,0.0968045201064908,0.07078502677618136,0.22968765268282978,0.17594917760008058,0.16136146702064535,0.003072189742351442,0.08378992372267463,0.22469917399816178,0.07827287364945129,0.03399401122607197,0.07495043244704505,0.0,0.0,0.1199402167471449,0.003072189742351267,0.06660995282002971,0.18904577123735147,0.02347291339731534,0.03791853582901649,0.051437969513422034,0.0666099528200296,0.04725613653136018,0.0346114490659019,0.002089987262226159,0.11853198163587546,0.10567271014483991,0.0,0.004738091379225039,0.03791853582901635,0.0,0.04902733972364598,0.0,0.08015315296303525,0.006528405051859377
17,0.25185879602686045,0.1836527611477593,0.19845694717495035,0.1408625628992337,0.05785771795055601,0.08322528213763665,0.08322528213763658,0.10065256174003258,0.10646645002802563,0.025227655522102505,0.057857717950556074,0.05901277313656677,0.021682960641214496,0.12812008071620276,0.02347291339731431,0.02347291339731447,0.0,0.023999511820604086,0.023472913397314037,0.07396136793285903,0.02347291339731409,0.023999511820604405,0.023472913397314606,0.12024917396373241,0.05630130987980672,0.05702402258387033,0.01696023635031514,0.098225274596542,0.070333588529398,0.09425526357808742,0.0720579752026519,0.14284550875308008,0.21219280515146305,0.24770464890678778,0.12024917396373225,0.09425526357808744,0.2518587960268606,0.19845694717495085,0.1836527611477593,0.02399951182060414,0.10646645002802614,0.2477046489067883,0.10065256174003175,0.05630130987980737,0.0982252745965429,0.023472913397314485,0.023472913397315033,0.14284550875308033,0.02399951182060402,0.08322528213763533,0.21219280515146316,0.0,0.05785771795055528,0.07396136793285873,0.08322528213763535,0.0703335885293984,0.057024022583870924,0.025227655522102963,0.1408625628992336,0.1281200807162028,0.02347291339731502,0.021682960641214232,0.05785771795055527,0.023472913397314575,0.07205797520265271,0.023472913397313912,0.0590127731365687,0.016960236350314947
18,0.2280292091926671,0.16001634420101868,0.17517393093172107,0.11698553968177443,0.0391273203259411,0.06812545524689442,0.06812545524689441,0.07673316226740776,0.08319818064123406,0.002683767329665165,0.03912732032594139,0.07976475073294462,0.0022676989435992554,0.10451940329135974,0.003072189742353369,0.003072189742351456,0.023999511820604086,0.0,0.003072189742351742,0.05028245430754494,0.0030721897423513634,0.0,0.0030721897423532677,0.09891176918865974,0.03707461327413282,0.03774638433652016,0.008233297797081558,0.07624255294578323,0.04769026283014587,0.07333789031550916,0.04932969506463551,0.12026678317110631,0.19030006208856293,0.22561719065167898,0.09891176918865914,0.07333789031550914,0.22802920919266756,0.17517393093172248,0.16001634420101918,0.0,0.0831981806412347,0.2256171906516783,0.07673316226740723,0.037074613274133354,0.07624255294578351,0.0030721897423522816,0.003072189742352484,0.12026678317110616,0.0,0.06812545524689505,0.19030006208856334,0.023999511820605127,0.03912732032594128,0.050282454307546055,0.0681254552468951,0.04769026283014617,0.03774638433652108,0.0026837673296646425,0.11698553968177322,0.10451940329135984,0.003072189742352843,0.002267698943598803,0.03912732032594156,0.0030721897423517564,0.04932969506463574,0.0030721897423524034,0.07976475073294445,0.00823329779708146
19,0.22968765268283048,0.16136146702064594,0.17594917760008044,0.11853198163587565,0.03791853582901659,0.0666099528200296,0.06660995282002957,0.07827287364945207,0.08378992372267449,0.002089987262225433,0.03791853582901707,0.0801531529630347,0.004738091379225751,0.10567271014484099,0.0,0.0,0.023472913397314037,0.003072189742351742,0.0,0.051437969513421784,0.0,0.003072189742351854,0.0,0.09680452010649081,0.03399401122607117,0.03461144906590093,0.0065284050518609445,0.07495043244704318,0.047256136531359474,0.07078502677618123,0.049027339723645154,0.11994021674714445,0.18904577123735206,0.2246991739981617,0.09680452010649068,0.0707850267761812,0.22968765268282962,0.1759491776000804,0.16136146702064558,0.00307218974235205,0.08378992372267483,0.22469917399816164,0.07827287364945107,0.033994011226071826,0.07495043244704495,0.0,0.0,0.11994021674714478,0.0030721897423513613,0.0666099528200297,0.18904577123735147,0.023472913397315113,0.03791853582901629,0.051437969513421944,0.0666099528200295,0.04725613653135956,0.03461144906590169,0.002089987262223966,0.11853198163587525,0.10567271014484005,0.0,0.004738091379225378,0.037918535829016095,0.0,0.0490273397236461,0.0,0.0801531529630355,0.006528405051859011
20,0.17946041719954445,0.1107246653965599,0.12564817941967849,0.06802170888413527,0.0163669434526859,0.03434877829332678,0.034348778293326936,0.027344914522572702,0.033201357151997214,0.04931049758723663,0.01636694345268552,0.12963825744763594,0.0526374140125405,0.0544253001349176,0.05143796951342226,0.05143796951342227,0.07396136793285903,0.05028245430754494,0.051437969513421784,0.0,0.0514379695134226,0.05028245430754521,0.05143796951342235,0.0525157125507556,0.018518280792189878,0.017843116729526622,0.05807864332759809,0.0294429089969554,0.004129076509198325,0.029664677115018814,0.0023422191080352105,0.07201933034606993,0.1429425245289714,0.17811609523821118,0.052515712550755,0.029664677115018797,0.17946041719954384,0.12564817941968143,0.11072466539655906,0.05028245430754608,0.03320135715199609,0.17811609523821129,0.02734491452257177,0.018518280792190204,0.0294429089969554,0.05143796951342263,0.051437969513422555,0.07201933034607054,0.05028245430754571,0.03434877829332695,0.14294252452897122,0.07396136793286054,0.016366943452685946,0.0,0.03434877829332665,0.004129076509196993,0.017843116729525953,0.04931049758723649,0.06802170888413468,0.05442530013491696,0.05143796951342195,0.05263741401254039,0.016366943452685488,0.05143796951342219,0.002342219108033114,0.051437969513422256,0.12963825744763602,0.058078643327598246
21,0.229687652682831,0.16136146702064674,0.17594917760008122,0.11853198163587648,0.037918535829017504,0.06660995282003036,0.06660995282003034,0.07827287364945287,0.0837899237226753,0.00208998726222575,0.037918535829017566,0.08015315296303412,0.004738091379226091,0.10567271014484192,0.0,0.0,0.02347291339731409,0.0030721897423513634,0.0,0.0514379695134226,0.0,0.0030721897423517173,0.0,0.09680452010649145,0.033994011226072304,0.03461144906590196,0.006528405051859123,0.07495043244704497,0.04725613653136041,0.0707850267761819,0.049027339723645896,0.11994021674714492,0.18904577123735275,0.22469917399816283,0.09680452010649163,0.07078502677618184,0.22968765268283037,0.17594917760008108,0.16136146702064622,0.003072189742350512,0.08378992372267556,0.22469917399816314,0.07827287364945183,0.0339940112260728,0.07495043244704591,0.0,0.0,0.11994021674714547,0.003072189742351221,0.06660995282003057,0.1890457712373517,0.02347291339731493,0.03791853582901701,0.05143796951342277,0.06660995282003031,0.04725613653136098,0.03461144906590204,0.0020899872622249134,0.1185319816358759,0.10567271014484085,0.0,0.004738091379225206,0.03791853582901706,0.0,0.049027339723646285,0.0,0.08015315296303495,0.006528405051858922
22,0.22802920919266703,0.1600163442010186,0.17517393093172154,0.11698553968177439,0.03912732032594092,0.06812545524689435,0.06812545524689431,0.07673316226740769,0.08319818064123435,0.002683767329665491,0.0391273203259413,0.07976475073294474,0.0022676989435986834,0.10451940329135984,0.003072189742353235,0.003072189742351652,0.023999511820604405,0.0,0.003072189742351854,0.05028245430754521,0.0030721897423517173,0.0,0.003072189742351729,0.0989117691886595,0.03707461327413313,0.03774638433652015,0.008233297797081693,0.076242552945783,0.04769026283014642,0.07333789031550915,0.04932969506463564,0.12026678317110609,0.19030006208856315,0.22561719065167818,0.09891176918865907,0.07333789031550905,0.22802920919266761,0.17517393093172262,0.16001634420101973,0.0,0.08319818064123506,0.2256171906516788,0.07673316226740715,0.03707461327413323,0.07624255294578348,0.0030721897423511657,0.003072189742351241,0.12026678317110667,0.0,0.0681254552468952,0.1903000620885636,0.02399951182060506,0.03912732032594165,0.05028245430754569,0.0681254552468953,0.04769026283014606,0.037746384336520944,0.0026837673296648506,0.11698553968177348,0.10451940329136031,0.003072189742351746,0.002267698943598614,0.0391273203259415,0.0030721897423518878,0.049329695064635935,0.0030721897423521493,0.0797647507329445,0.008233297797081368
23,0.22968765268283042,0.1613614670206458,0.17594917760008089,0.11853198163587604,0.03791853582901679,0.06660995282003011,0.06660995282003013,0.07827287364945222,0.0837899237226747,0.002089987262226526,0.03791853582901689,0.08015315296303507,0.004738091379224926,0.10567271014484081,0.0,0.0,0.023472913397314606,0.0030721897423532677,0.0,0.05143796951342235,0.0,0.003072189742351729,0.0,0.09680452010649092,0.033994011226071354,0.03461144906590012,0.006528405051859789,0.07495043244704441,0.04725613653135968,0.07078502677618127,0.04902733972364571,0.11994021674714438,0.18904577123735167,0.2246991739981605,0.09680452010649095,0.07078502677618109,0.22968765268283,0.1759491776000807,0.16136146702064566,0.003072189742351312,0.08378992372267467,0.22469917399816125,0.07827287364945144,0.03399401122607207,0.07495043244704379,0.0,0.0,0.1199402167471444,0.0030721897423508305,0.06660995282002954,0.18904577123735133,0.023472913397314953,0.03791853582901613,0.051437969513422124,0.0666099528200294,0.04725613653136084,0.03461144906590205,0.0020899872622263493,0.11853198163587536,0.10567271014483998,0.0,0.00473809137922569,0.03791853582901641,0.0,0.049027339723646035,0.0,0.08015315296303503,0.006528405051859425
24,0.13480757787864506,0.06517688836356093,0.07999732949292362,0.021808840627969745,0.06348254168275275,0.03773155703321051,0.037731557033210635,0.025533880136073623,0.023984181069638715,0.0961905042720665,0.06348254168275284,0.17612735111218117,0.10104254447613287,0.008780705621656252,0.096804520106491,0.09680452010649111,0.12024917396373241,0.09891176918865974,0.09680452010649081,0.0525157125507556,0.09680452010649145,0.0989117691886595,0.09680452010649092,0.0,0.06416888744758589,0.06345200103130211,0.10343259555418709,0.023116552213277207,0.052882409811868224,0.026162469958797795,0.05171675818917687,0.023249561203779287,0.09337926262938462,0.1297628489225639,0.0,0.02616246995879812,0.13480757787864486,0.07999732949292426,0.06517688836356064,0.09891176918865927,0.023984181069638337,0.12976284892256545,0.02553388013607334,0.06416888744758614,0.02311655221327602,0.09680452010649182,0.09680452010649189,0.023249561203779915,0.09891176918865949,0.037731557033210496,0.09337926262938442,0.12024917396373283,0.06348254168275354,0.05251571255075546,0.03773155703321049,0.05288240981186858,0.0634520010313019,0.09619050427206656,0.02180884062796916,0.008780705621656141,0.09680452010649138,0.10104254447613278,0.06348254168275352,0.09680452010649121,0.05171675818917712,0.09680452010649145,0.17612735111218192,0.10343259555418642
25,0.197900700451472,0.12898846666112732,0.14368306642663778,0.08589232804075717,0.0038235688743055805,0.032608151307935936,0.032608151307935825,0.04546824998461649,0.05100150964887832,0.03522559649275705,0.0038235688743061603,0.11271840102087227,0.038397794512959924,0.07296642756697815,0.0339940112260717,0.033994011226071374,0.05630130987980672,0.03707461327413282,0.03399401122607117,0.018518280792189878,0.033994011226072304,0.03707461327413313,0.033994011226071354,0.06416888744758589,0.0,0.0006814582567550621,0.039469094517449156,0.04212082861842653,0.014334210055627841,0.03805701667548284,0.01610525375024368,0.08731690499870287,0.15690514610654602,0.19285554865642468,0.06416888744758531,0.03805701667548271,0.19790070045147182,0.14368306642663806,0.12898846666112734,0.03707461327413247,0.05100150964887885,0.19285554865642632,0.045468249984615336,0.0,0.042120828618426705,0.03399401122607265,0.03399401122607273,0.08731690499870343,0.03707461327413255,0.032608151307934714,0.15690514610654696,0.05630130987980701,0.0038235688743064977,0.018518280792189857,0.0326081513079347,0.014334210055629026,0.0006814582567541301,0.03522559649275714,0.08589232804075647,0.07296642756697706,0.033994011226072,0.03839779451296005,0.003823568874306589,0.03399401122607202,0.01610525375024455,0.033994011226072325,0.1127184010208735,0.03946909451744855
26,0.19723129694884312,0.1283156749292134,0.14301156606377546,0.08521739018544791,0.0031907142288331207,0.03210677429748392,0.03210677429748403,0.04479171794599931,0.05032569808184686,0.03581366608941335,0.003190714228832765,0.11347162829852342,0.039166501629855514,0.07229149397001526,0.034611449065900655,0.03461144906590093,0.05702402258387033,0.03774638433652016,0.03461144906590093,0.017843116729526622,0.03461144906590196,0.03774638433652015,0.03461144906590012,0.06345200103130211,0.0006814582567550621,0.0,0.04013054532699308,0.04145337290638525,0.013659783976385141,0.03731605439442914,0.015430427464808003,0.0866423836503848,0.15623167474626176,0.19220473351070283,0.06345200103130233,0.03731605439442892,0.19723129694884267,0.14301156606377569,0.12831567492921347,0.03774638433651987,0.05032569808184697,0.19220473351070338,0.04479171794599837,0.000681458256754097,0.04145337290638525,0.03461144906590155,0.034611449065901904,0.08664238365038614,0.03774638433651921,0.032106774297483584,0.1562316747462624,0.057024022583870064,0.003190714228832371,0.017843116729526095,0.032106774297483466,0.013659783976384867,0.0,0.03581366608941366,0.08521739018544704,0.0722914939700145,0.034611449065900884,0.03916650162985568,0.0031907142288325574,0.034611449065901086,0.01543042746480761,0.034611449065901224,0.11347162829852361,0.040130545326994234
27,0.23625072216777462,0.16795499097938016,0.18253103712209717,0.1251459412918404,0.042389829089328514,0.06994646179136704,0.06994646179136693,0.0849039264879973,0.0904134573881722,0.008728864586678464,0.04238982908932816,0.07378456968000341,0.005912998463047309,0.11228693595009753,0.006528405051860296,0.006528405051859636,0.01696023635031514,0.008233297797081558,0.0065284050518609445,0.05807864332759809,0.006528405051859123,0.008233297797081693,0.006528405051859789,0.10343259555418709,0.039469094517449156,0.04013054532699308,0.0,0.0816331913049601,0.053899342905439435,0.07733328456935312,0.05566912823590969,0.12655031764921898,0.19568521750355938,0.2312853069867778,0.10343259555418674,0.07733328456935332,0.23625072216777393,0.18253103712209762,0.16795499097938002,0.008233297797081303,0.09041345738817234,0.23128530698677902,0.08490392648799616,0.03946909451744907,0.0816331913049605,0.006528405051859659,0.006528405051859114,0.12655031764921948,0.008233297797082118,0.0699464617913662,0.19568521750355816,0.016960236350315416,0.042389829089328694,0.05807864332759799,0.06994646179136604,0.05389934290544022,0.04013054532699612,0.008728864586677917,0.12514594129183956,0.11228693595009653,0.006528405051858891,0.005912998463046878,0.042389829089328604,0.006528405051860245,0.05566912823591001,0.006528405051859681,0.07378456968000402,0.0
28,0.15643078282029693,0.0870708467410788,0.10185030765415069,0.043788558779007024,0.04120831577345647,0.015428582175745616,0.015428582175745404,0.0033283443890391473,0.008763319610295306,0.07340817290539307,0.04120831577345637,0.15419562192495315,0.07844362706478393,0.03082818206090088,0.07495043244704386,0.0749504324470441,0.098225274596542,0.07624255294578323,0.07495043244704318,0.0294429089969554,0.07495043244704497,0.076242552945783,0.07495043244704441,0.023116552213277207,0.04212082861842653,0.04145337290638525,0.0816331913049601,0.0,0.029646284640402955,0.004139976907644463,0.028509829160886135,0.04520767342022177,0.11523166260727188,0.1513619211487424,0.023116552213276142,0.004139976907645414,0.15643078282029627,0.10185030765415103,0.0870708467410791,0.07624255294578237,0.008763319610293224,0.15136192114874322,0.0033283443890391546,0.04212082861842644,0.0,0.07495043244704515,0.07495043244704461,0.04520767342022272,0.07624255294578242,0.015428582175745999,0.11523166260727136,0.09822527459654312,0.04120831577345645,0.029442908996955383,0.015428582175745352,0.0296462846404022,0.04145337290638406,0.07340817290539298,0.04378855877900609,0.03082818206089994,0.07495043244704447,0.07844362706478397,0.041208315773456496,0.07495043244704451,0.028509829160886905,0.07495043244704418,0.15419562192495373,0.08163319130496204
29,0.1836188496405218,0.11465852557650841,0.12937039616282783,0.07153311223503725,0.013039162114223709,0.0333569340800562,0.03335693408005611,0.031088509163096842,0.03663022091898935,0.0450823602934709,0.013039162114223918,0.12641081934294474,0.049979494300802826,0.05860645695012478,0.04725613653135982,0.047256136531359384,0.070333588529398,0.04769026283014587,0.047256136531359474,0.004129076509198325,0.04725613653136041,0.04769026283014642,0.04725613653135968,0.052882409811868224,0.014334210055627841,0.013659783976385141,0.053899342905439435,0.029646284640402955,0.0,0.02912238591397902,0.0016159543777017702,0.07299646076768604,0.14382062401423776,0.17919918784298086,0.05288240981186739,0.029122385913978602,0.18361884964052122,0.1293703961628282,0.11465852557650821,0.04769026283014607,0.03663022091898913,0.17919918784298006,0.031088509163096006,0.014334210055626852,0.029646284640401498,0.04725613653136063,0.0472561365313603,0.07299646076768551,0.047690262830146046,0.03335693408005597,0.14382062401423756,0.0703335885293976,0.01303916211422374,0.004129076509197787,0.033356934080055856,0.0,0.01365978397638425,0.0450823602934704,0.07153311223503596,0.05860645695012418,0.04725613653135941,0.0499794943008037,0.013039162114224678,0.047256136531360175,0.001615954377701691,0.04725613653135961,0.12641081934294499,0.05389934290544015
30,0.16065871277403437,0.09130803789911916,0.10608439992081925,0.04803055779311981,0.0374311772138835,0.011545557853155681,0.0115455578531561,0.007463697343858571,0.013011089397295394,0.07067904710260323,0.037431177213883705,0.1504492260349649,0.07538952714137125,0.0350702849175569,0.0707850267761816,0.07078502677618151,0.09425526357808742,0.07333789031550916,0.07078502677618123,0.029664677115018814,0.0707850267761819,0.07333789031550915,0.07078502677618127,0.026162469958797795,0.03805701667548284,0.03731605439442914,0.07733328456935312,0.004139976907644463,0.02912238591397902,0.0,0.028439275115639574,0.049467484465487536,0.11943030278168555,0.15565319010656758,0.02616246995879642,0.0,0.16065871277403407,0.10608439992082008,0.0913080378991192,0.0733378903155091,0.013011089397294638,0.15565319010656792,0.007463697343858842,0.03805701667548302,0.004139976907644584,0.07078502677618152,0.07078502677618155,0.049467484465488445,0.07333789031550896,0.01154555785315466,0.11943030278168551,0.0942552635780876,0.037431177213884094,0.029664677115018856,0.011545557853154816,0.029122385913978817,0.037316054394428574,0.07067904710260231,0.04803055779311901,0.035070284917556115,0.07078502677618129,0.07538952714137141,0.03743117721388409,0.07078502677618131,0.02843927511563972,0.07078502677618151,0.15044922603496588,0.07733328456935257
