,1,2,3,4,5,6,7,8,9,10,11,12,13,14,15,16,17,18,19,20,21,22,23,24,25,26,27,28,29,30,31,32,33,34,35,36,37,38,39,40,41,42,43,44,45,46,47,48,49,50,51,52,53,54,55,56,57,58,59,60,61,62,63,64,65,66,67,68
1,0.0,0.138114374535557,0.11286146610187542,0.20702235029097582,0.30554990227743223,0.28327501101669045,0.2832750110166905,0.2568829155674963,0.24796387119886898,0.32265601158519064,0.3055499022774321,0.3682561253023476,0.3275540776997098,0.22302013601275905,0.3253940252423789,0.3253940252423788,0.3613478523351042,0.32408953989613837,0.3253940252423787,0.2812754613117599,0.32539402524237926,0.3240895398961384,0.325394025242379,0.2347614624046409,0.3096582383515615,0.3083391374695297,0.3354584392065169,0.26041068636442033,0.28679362629873123,0.2667477990088781,0.2840342823231583,0.20338533281955432,0.08269320508323168,0.005092252049805215,0.23476146240464124,0.2667477990088782,5.124373148035488e-16,0.11286146610187453,0.13811437453555697,0.32408953989613887,0.2479638711988692,0.005092252049805428,0.2568829155674974,0.3096582383515613,0.2604106863644198,0.3253940252423792,0.3253940252423792,0.20338533281955384,0.324089539896139,0.28327501101669145,0.08269320508323155,0.3613478523351054,0.30554990227743345,0.2812754613117602,0.28327501101669145,0.2867936262987305,0.3083391374695287,0.3226560115851908,0.20702235029097718,0.22302013601276038,0.32539402524237865,0.3275540776997106,0.3055499022774334,0.3253940252423787,0.2840342823231581,0.3253940252423789,0.36825612530234847,0.33545843920651663
2,0.138114374535557,0.0,0.031075745357771342,0.09245930118373696,0.2278882356781567,0.19099903835927812,0.19099903835927823,0.1642968892414949,0.15665693752376397,0.26299171532703,0.2278882356781566,0.3355451325890998,0.2684601286131168,0.11992652141531394,0.26572839430948064,0.26572839430948053,0.30273662295756876,0.26481929882911176,0.26572839430948053,0.20308189044735844,0.26572839430948125,0.26481929882911176,0.26572839430948075,0.13014447666815948,0.23196897883256806,0.23061587932957178,0.27615801500584825,0.1676770531567835,0.20852278783688194,0.17410985559244188,0.20562091162160986,0.08850179959695678,0.06893359237132388,0.13623987824429684,0.1301444766681601,0.1741098555924422,0.13811437453555644,0.031075745357772452,7.289828463097337e-16,0.26481929882911165,0.15665693752376417,0.1362398782442967,0.16429688924149577,0.23196897883256798,0.16767705315678275,0.2657283943094811,0.26572839430948114,0.08850179959695634,0.26481929882911187,0.19099903835927837,0.06893359237132406,0.3027366229575698,0.2278882356781578,0.2030818904473586,0.1909990383592784,0.20852278783688102,0.23061587932957062,0.26299171532703014,0.09245930118373805,0.11992652141531517,0.26572839430948053,0.26846012861311747,0.2278882356781577,0.26572839430948053,0.20562091162160964,0.26572839430948075,0.3355451325891006,0.276158015005848
3,0.11286146610187542,0.031075745357771342,0.0,0.11938058849884625,0.24796483036538028,0.21365333427086255,0.21365333427086258,0.18730352901754277,0.17751358444724566,0.2793257929508174,0.24796483036538017,0.3468667522684393,0.2851832370660259,0.14335217001963407,0.2820627369631784,0.28206273696317835,0.3190140994815868,0.28158887450709924,0.2820627369631783,0.22317125160247556,0.28206273696317896,0.28158887450709935,0.2820627369631786,0.15481523627705937,0.2517086968102957,0.2503646585763992,0.292412343215621,0.19016180014822276,0.22841480088072566,0.19656779850334347,0.2255500036335542,0.1149576028786578,0.04384531778352071,0.11237873398090353,0.15481523627705987,0.1965677985033438,0.1128614661018749,1.1678158440275866e-15,0.03107574535777087,0.281588874507099,0.1775135844472457,0.11237873398090334,0.18730352901754357,0.25170869681029545,0.19016180014822212,0.28206273696317874,0.28206273696317885,0.11495760287865743,0.2815888745070993,0.21365333427086283,0.04384531778352101,0.3190140994815879,0.24796483036538094,0.22317125160247536,0.2136533342708629,0.2284148008807249,0.25036465857639795,0.27932579295081733,0.11938058849884714,0.14335217001963493,0.282062736963178,0.28518323706602633,0.24796483036538092,0.28206273696317813,0.22555000363355396,0.28206273696317824,0.34686675226843994,0.2924123432156208
4,0.20702235029097582,0.09245930118373696,0.11938058849884625,0.0,0.16099897121481235,0.11385398119933317,0.11385398119933318,0.08702936416536197,0.08132761242681945,0.2091395696695578,0.16099897121481227,0.30148637096708214,0.21484684219027483,0.03835437763676066,0.21187593049357573,0.21187593049357567,0.25001964717242037,0.2110128559026615,0.21187593049357556,0.1360879284043099,0.21187593049357636,0.21101285590266156,0.2118759304935759,0.04458662514669611,0.1653909809989376,0.1639984197513721,0.2227992529932555,0.09025951505444256,0.14129669343709578,0.0968082303914342,0.1382387955180715,0.006561710699940247,0.14986359354173343,0.20491212853877677,0.044586625146696764,0.09680823039143455,0.20702235029097543,0.11938058849884729,0.09245930118373744,0.21101285590266147,0.08132761242681946,0.20491212853877666,0.08702936416536321,0.16539098099893768,0.0902595150544419,0.21187593049357645,0.21187593049357656,0.006561710699940604,0.2110128559026617,0.11385398119933336,0.14986359354173362,0.2500196471724216,0.1609989712148134,0.13608792840431005,0.11385398119933342,0.14129669343709497,0.16399841975137064,0.2091395696695578,1.6395045043804402e-15,0.038354377636761895,0.21187593049357573,0.21484684219027542,0.16099897121481338,0.21187593049357573,0.1382387955180712,0.21187593049357592,0.3014863709670829,0.2227992529932554
5,0.30554990227743223,0.2278882356781567,0.24796483036538028,0.16099897121481235,0.0,0.0627294343225702,0.06272943432257015,0.08501868950785851,0.09505906397922331,0.07771364840821542,1.64399743818322e-16,0.20308437292033438,0.08285513179026152,0.13676047785383172,0.07744048901221538,0.07744048901221516,0.11639922973599041,0.07969145335409114,0.07744048901221508,0.027746544842554063,0.07744048901221603,0.07969145335409118,0.07744048901221538,0.12626359515310576,0.006877578211186861,0.0054633215688895806,0.08722104843354705,0.08270356236602215,0.021868437703385556,0.0765690449853938,0.02523788881381324,0.1652195037347325,0.26558318236100503,0.3018100361777373,0.12626359515310517,0.07656904498539327,0.3055499022774319,0.24796483036538108,0.22788823567815686,0.07969145335409107,0.09505906397922326,0.3018100361777372,0.08501868950785718,0.006877578211187108,0.08270356236602278,0.07744048901221617,0.07744048901221631,0.165219503734733,0.0796914533540913,0.06272943432257097,0.2655831823610055,0.11639922973599189,1.582223935203686e-15,0.02774654484255407,0.06272943432257092,0.021868437703386374,0.005463321568888218,0.07771364840821561,0.16099897121481116,0.1367604778538305,0.07744048901221533,0.08285513179026224,1.471600619140645e-15,0.07744048901221544,0.02523788881381374,0.0774404890122157,0.20308437292033532,0.08722104843354711
6,0.28327501101669045,0.19099903835927812,0.21365333427086255,0.11385398119933317,0.0627294343225702,0.0,1.0798653637955624e-16,0.027541173615989893,0.03810871116350131,0.13074576235896904,0.06272943432257011,0.23613947840420202,0.13499943109481516,0.08539180435292378,0.1301364085655772,0.13013640856557707,0.16311797345728485,0.13247589897918177,0.13013640856557696,0.06429065544684766,0.13013640856557776,0.13247589897918177,0.13013640856557726,0.07432546551567314,0.06858974995210301,0.06743496544229313,0.13760728547625778,0.025100791126212166,0.06421722203791722,0.018683418608902574,0.06362700733622935,0.11830277654536828,0.2353831896281497,0.2792929764878433,0.07432546551567241,0.018683418608902054,0.2832750110166902,0.21365333427086355,0.19099903835927826,0.13247589897918158,0.03810871116350127,0.27929297648784324,0.027541173615988464,0.06858974995210323,0.02510079112621287,0.13013640856557818,0.1301364085655783,0.11830277654536882,0.13247589897918174,1.2069859001151428e-15,0.23538318962814994,0.16311797345728646,0.0627294343225704,0.06429065544684764,1.1734363480897515e-15,0.06421722203791677,0.06743496544229192,0.1307457623589693,0.1138539811993317,0.0853918043529225,0.13013640856557732,0.13499943109481594,0.06272943432257033,0.13013640856557737,0.06362700733622892,0.13013640856557768,0.2361394784042024,0.1376072854762579
7,0.2832750110166905,0.19099903835927823,0.21365333427086258,0.11385398119933318,0.06272943432257015,1.0798653637955624e-16,0.0,0.027541173615989924,0.03810871116350133,0.130745762358969,0.06272943432257008,0.236139478404202,0.13499943109481508,0.0853918043529238,0.13013640856557715,0.13013640856557704,0.16311797345728482,0.13247589897918174,0.1301364085655769,0.06429065544684763,0.13013640856557773,0.13247589897918174,0.1301364085655772,0.07432546551567315,0.06858974995210296,0.0674349654422931,0.13760728547625778,0.025100791126212187,0.06421722203791719,0.018683418608902592,0.06362700733622932,0.11830277654536829,0.2353831896281497,0.2792929764878433,0.07432546551567244,0.018683418608902082,0.2832750110166902,0.21365333427086353,0.19099903835927826,0.13247589897918158,0.038108711163501285,0.2792929764878433,0.027541173615988485,0.06858974995210318,0.0251007911262129,0.13013640856557815,0.1301364085655783,0.11830277654536885,0.1324758989791817,1.260606202757586e-15,0.23538318962814986,0.1631179734572864,0.06272943432257035,0.06429065544684759,1.2253913161952567e-15,0.06421722203791673,0.0674349654422919,0.1307457623589692,0.11385398119933171,0.08539180435292254,0.1301364085655773,0.1349994310948159,0.0627294343225703,0.13013640856557737,0.06362700733622885,0.1301364085655777,0.23613947840420238,0.1376072854762579
8,0.2568829155674963,0.1642968892414949,0.18730352901754277,0.08702936416536197,0.08501868950785851,0.027541173615989893,0.027541173615989924,0.0,0.011045221310709352,0.14625205301249675,0.08501868950785842,0.25937183041542583,0.15243831296668664,0.05825812068592402,0.14899104267074983,0.1489910426707496,0.18892693071985378,0.14833063509857783,0.14899104267074956,0.05883225300032741,0.14899104267075056,0.1483306350985778,0.14899104267074983,0.05258146458658059,0.08979586380683185,0.08833715161946368,0.16061617074491374,0.0037606411515332394,0.06465286161399972,0.010136311288028037,0.06134806138115108,0.09327008451428821,0.2116045053716569,0.2549700935921883,0.05258146458657956,0.01013631128802843,0.2568829155674959,0.1873035290175438,0.1642968892414953,0.1483306350985778,0.01104522131070938,0.2549700935921882,1.6675202885174656e-15,0.08979586380683187,0.0037606411515337316,0.14899104267075047,0.14899104267075056,0.09327008451428856,0.14833063509857794,0.027541173615990212,0.211604505371657,0.18892693071985492,0.08501868950785958,0.058832253000327454,0.027541173615990257,0.06465286161399879,0.0883371516194621,0.14625205301249666,0.08702936416536071,0.0582581206859228,0.1489910426707497,0.15243831296668742,0.08501868950785951,0.14899104267074978,0.06134806138115067,0.14899104267075003,0.25937183041542683,0.16061617074491374
9,0.24796387119886898,0.15665693752376397,0.17751358444724566,0.08132761242681945,0.09505906397922331,0.03810871116350131,0.03810871116350133,0.011045221310709352,0.0,0.15499282507393286,0.0950590639792232,0.26638484932495377,0.16178493848733663,0.048386159618807524,0.15773100565513248,0.15773100565513232,0.19778729798073652,0.15774079114994746,0.15773100565513223,0.06869304194713355,0.15773100565513315,0.15774079114994746,0.15773100565513246,0.04775183564043003,0.09942359930468153,0.09796488711731335,0.16927245135613034,0.013607421003685194,0.07436417003830047,0.020348631226123515,0.07110823980558606,0.08576069402569765,0.20384248828285187,0.24667614187032988,0.04775183564042892,0.020348631226123907,0.2479638711988688,0.1775135844472464,0.15665693752376414,0.15774079114994727,3.8077180297690916e-16,0.24667614187032985,0.011045221310710486,0.09942359930468152,0.013607421003684526,0.1577310056551331,0.15773100565513323,0.08576069402569797,0.1577407911499475,0.03810871116350151,0.203842488282852,0.19778729798073755,0.09505906397922423,0.06869304194713342,0.03810871116350158,0.07436417003829962,0.09796488711731186,0.15499282507393286,0.08132761242681803,0.04838615961880605,0.15773100565513237,0.1617849384873374,0.09505906397922415,0.15773100565513243,0.07110823980558573,0.15773100565513265,0.26638484932495454,0.16927245135613023
10,0.32265601158519064,0.26299171532703,0.2793257929508174,0.2091395696695578,0.07771364840821542,0.13074576235896904,0.130745762358969,0.14625205301249675,0.15499282507393286,0.0,0.07771364840821554,0.1524511784149562,0.009031062644666901,0.19005063082623072,0.002764098411176258,0.0027640984111762406,0.048172562129446116,0.004353328779770518,0.002764098411176264,0.09745361743523583,0.002764098411175566,0.004353328779770536,0.0027640984111759197,0.18014396506672867,0.07210061736388466,0.07325902068408324,0.01624597701642295,0.14332063946474588,0.09143075354146309,0.1385052447613317,0.09446493572181386,0.21201520778809846,0.29142616049953946,0.31800207480251697,0.18014396506672775,0.13850524476133105,0.32265601158519047,0.279325792950818,0.26299171532703,0.004353328779770297,0.15499282507393267,0.318002074802517,0.14625205301249516,0.0721006173638843,0.14332063946474638,0.002764098411175524,0.0027640984111754864,0.21201520778809904,0.004353328779770512,0.13074576235896904,0.29142616049953973,0.04817256212944721,0.07771364840821456,0.09745361743523563,0.130745762358969,0.09143075354146396,0.07325902068408441,6.267208974009008e-16,0.2091395696695563,0.19005063082622936,0.0027640984111758833,0.009031062644667704,0.07771364840821464,0.00276409841117602,0.09446493572181415,0.002764098411175796,0.15245117841495717,0.016245977016422945
11,0.3055499022774321,0.2278882356781566,0.24796483036538017,0.16099897121481227,1.64399743818322e-16,0.06272943432257011,0.06272943432257008,0.08501868950785842,0.0950590639792232,0.07771364840821554,0.0,0.20308437292033446,0.0828551317902616,0.1367604778538316,0.07744048901221548,0.07744048901221526,0.11639922973599051,0.07969145335409125,0.07744048901221516,0.027746544842553983,0.07744048901221617,0.0796914533540913,0.07744048901221548,0.12626359515310562,0.006877578211186952,0.005463321568889674,0.08722104843354715,0.08270356236602205,0.021868437703385465,0.07656904498539373,0.02523788881381316,0.16521950373473243,0.265583182361005,0.3018100361777372,0.12626359515310506,0.07656904498539316,0.30554990227743173,0.24796483036538106,0.22788823567815672,0.0796914533540912,0.09505906397922315,0.30181003617773716,0.08501868950785708,0.0068775782111871984,0.08270356236602269,0.07744048901221627,0.07744048901221642,0.16521950373473293,0.07969145335409139,0.06272943432257089,0.2655831823610054,0.11639922973599198,1.6720652640245248e-15,0.02774654484255398,0.06272943432257085,0.02186843770338628,0.00546332156888831,0.0777136484082157,0.16099897121481102,0.1367604778538304,0.07744048901221542,0.08285513179026235,1.5614419479614839e-15,0.07744048901221552,0.02523788881381366,0.0774404890122158,0.20308437292033538,0.08722104843354718
12,0.3682561253023476,0.3355451325890998,0.3468667522684393,0.30148637096708214,0.20308437292033438,0.23613947840420202,0.236139478404202,0.25937183041542583,0.26638484932495377,0.1524511784149562,0.20308437292033446,0.0,0.14590850782562056,0.290205491171829,0.1503455134003432,0.1503455134003434,0.11419219468636045,0.1497102775325857,0.1503455134003435,0.22480046027437622,0.15034551340034252,0.1497102775325857,0.15034551340034316,0.2816830665004806,0.20133823860532185,0.20249245485828546,0.13988407706037712,0.2569878293007837,0.2208332772040265,0.2519669222274844,0.2229722028562122,0.3039586963748197,0.35171631722003305,0.36487269446966697,0.28168306650047986,0.251966922227484,0.3682561253023471,0.3468667522684401,0.3355451325891001,0.14971027753258556,0.2663848493249537,0.36487269446966697,0.2593718304154248,0.20133823860532188,0.2569878293007843,0.15034551340034233,0.15034551340034222,0.3039586963748201,0.14971027753258545,0.236139478404202,0.3517163172200333,0.11419219468636037,0.20308437292033388,0.22480046027437628,0.236139478404202,0.22083327720402715,0.20249245485828674,0.15245117841495617,0.301486370967081,0.2902054911718277,0.15034551340034308,0.14590850782561948,0.20308437292033396,0.15034551340034302,0.22297220285621264,0.15034551340034277,1.8967986903373203e-15,0.1398840770603771
13,0.3275540776997098,0.2684601286131168,0.2851832370660259,0.21484684219027483,0.08285513179026152,0.13499943109481516,0.13499943109481508,0.15243831296668664,0.16178493848733663,0.009031062644666901,0.0828551317902616,0.14590850782562056,0.0,0.19612872987714916,0.008140005107518153,0.008140005107518347,0.04065291171935372,0.004851435553604745,0.008140005107518496,0.10428842293335652,0.008140005107517473,0.004851435553604739,0.008140005107518118,0.18761473477100513,0.07811383689552817,0.07958464911028856,0.009130304715311486,0.15115299996342546,0.09960152058590178,0.14606504506221518,0.10252236205678047,0.2191750426566873,0.29831819379701535,0.3247947460350252,0.1876147347710044,0.14606504506221463,0.3275540776997093,0.28518323706602666,0.26846012861311724,0.004851435553604751,0.1617849384873367,0.324794746035025,0.1524383129666853,0.07811383689552792,0.15115299996342604,0.008140005107517154,0.008140005107516994,0.21917504265668786,0.00485143555360453,0.13499943109481571,0.2983181937970155,0.04065291171935545,0.08285513179026081,0.10428842293335655,0.13499943109481563,0.09960152058590249,0.07958464911028981,0.009031062644666951,0.21484684219027353,0.19612872987714802,0.008140005107518018,1.5017848076226415e-15,0.08285513179026087,0.008140005107517924,0.10252236205678104,0.008140005107517655,0.14590850782562179,0.009130304715311484
14,0.22302013601275905,0.11992652141531394,0.14335217001963407,0.03835437763676066,0.13676047785383172,0.08539180435292378,0.0853918043529238,0.05825812068592402,0.048386159618807524,0.19005063082623072,0.1367604778538316,0.290205491171829,0.19612872987714916,0.0,0.19278737273224208,0.19278737273224197,0.23166875514883098,0.19222000993588026,0.19278737273224192,0.11059863162029332,0.19278737273224278,0.19222000993588031,0.1927873727322422,0.012328679249201929,0.14117813160100787,0.13975660725338124,0.20391049151211665,0.061430391464493576,0.11671926177936078,0.06806359660445967,0.11359077910572318,0.04227708570693565,0.17316746873762073,0.22210191881040334,0.012328679249202612,0.06806359660446008,0.22302013601275888,0.14335217001963513,0.1199265214153142,0.19222000993588012,0.04838615961880766,0.22210191881040312,0.058258120685925195,0.1411781316010079,0.06143039146449288,0.19278737273224258,0.19278737273224267,0.0422770857069359,0.1922200099358803,0.08539180435292408,0.17316746873762093,0.23166875514883184,0.13676047785383266,0.1105986316202932,0.08539180435292414,0.11671926177936003,0.13975660725337968,0.19005063082623067,0.038354377636759335,1.58640461878079e-15,0.19278737273224195,0.1961287298771499,0.13676047785383263,0.19278737273224195,0.1135907791057228,0.19278737273224217,0.29020549117182964,0.20391049151211643
15,0.3253940252423789,0.26572839430948064,0.2820627369631784,0.21187593049357573,0.07744048901221538,0.1301364085655772,0.13013640856557715,0.14899104267074983,0.15773100565513248,0.002764098411176258,0.07744048901221548,0.1503455134003432,0.008140005107518153,0.19278737273224208,0.0,2.63504496000877e-16,0.04574147992895641,0.004152073054151314,3.603194131951426e-16,0.10019648290733509,8.192405087648069e-16,0.004152073054151337,3.759839661832132e-16,0.18152063919175782,0.07116404903061561,0.07239961594770145,0.013489758435026542,0.14549003885487502,0.09417553239115911,0.13932315417229807,0.09720971457150984,0.21475156861211656,0.2936304123342069,0.3204693635060927,0.18152063919175723,0.13932315417229776,0.3253940252423784,0.2820627369631791,0.2657283943094807,0.00415207305415095,0.1577310056551324,0.3204693635060927,0.14899104267074828,0.07116404903061538,0.14549003885487566,1.070549898729567e-15,1.2130747795158214e-15,0.214751568612117,0.004152073054151153,0.1301364085655772,0.2936304123342072,0.04574147992895741,0.07744048901221433,0.10019648290733484,0.13013640856557715,0.0941755323911598,0.07239961594770264,0.0027640984111767853,0.21187593049357445,0.1927873727322408,4.989758606299688e-16,0.008140005107518843,0.0774404890122144,4.352768145921004e-16,0.09720971457151022,6.289586906849109e-16,0.15034551340034402,0.013489758435026544
16,0.3253940252423788,0.26572839430948053,0.28206273696317835,0.21187593049357567,0.07744048901221516,0.13013640856557707,0.13013640856557704,0.1489910426707496,0.15773100565513232,0.0027640984111762406,0.07744048901221526,0.1503455134003434,0.008140005107518347,0.19278737273224197,2.63504496000877e-16,0.0,0.04574147992895663,0.004152073054151507,2.0415960588771042e-16,0.10019648290733485,9.416079027602108e-16,0.004152073054151534,3.47499806707674e-16,0.18152063919175757,0.07116404903061543,0.07239961594770121,0.013489758435026769,0.14549003885487483,0.09417553239115888,0.1393231541722979,0.09720971457150966,0.21475156861211642,0.29363041233420684,0.3204693635060925,0.18152063919175707,0.13932315417229746,0.32539402524237815,0.28206273696317896,0.26572839430948053,0.004152073054151145,0.1577310056551321,0.3204693635060925,0.1489910426707482,0.0711640490306152,0.1454900388548754,1.2462773868460174e-15,1.3957064670666598e-15,0.21475156861211686,0.0041520730541513475,0.13013640856557707,0.29363041233420717,0.04574147992895763,0.07744048901221419,0.10019648290733466,0.13013640856557707,0.09417553239115967,0.07239961594770244,0.002764098411176768,0.21187593049357425,0.19278737273224064,4.975533873796678e-16,0.008140005107519038,0.07744048901221423,5.139291769928889e-16,0.09720971457151002,7.554894210226592e-16,0.15034551340034413,0.013489758435026769
17,0.3613478523351042,0.30273662295756876,0.3190140994815868,0.25001964717242037,0.11639922973599041,0.16311797345728485,0.16311797345728482,0.18892693071985378,0.19778729798073652,0.048172562129446116,0.11639922973599051,0.11419219468636045,0.04065291171935372,0.23166875514883098,0.04574147992895641,0.04574147992895663,0.0,0.04535850411980381,0.04574147992895676,0.141823314830819,0.04574147992895574,0.04535850411980381,0.045741479928956406,0.22126077886646292,0.11259667958418683,0.11402785696230566,0.032656008421254344,0.1860810015886069,0.1363712748752281,0.1801558656676604,0.13928990844047218,0.2533574619170378,0.33074489251388733,0.3570806542817695,0.22126077886646248,0.18015586566766,0.3613478523351038,0.3190140994815876,0.30273662295756887,0.045358504119803404,0.19778729798073655,0.3570806542817694,0.1889269307198523,0.11259667958418676,0.18608100158860771,0.04574147992895566,0.045741479928955504,0.25335746191703823,0.04535850411980318,0.16311797345728438,0.3307448925138876,1.8610113450279186e-15,0.11639922973598883,0.14182331483081892,0.1631179734572842,0.1363712748752289,0.1140278569623073,0.048172562129446164,0.2500196471724191,0.23166875514882956,0.04574147992895651,0.04065291171935222,0.11639922973598896,0.04574147992895642,0.13928990844047262,0.045741479928956164,0.1141921946863609,0.03265600842125432
18,0.32408953989613837,0.26481929882911176,0.28158887450709924,0.2110128559026615,0.07969145335409114,0.13247589897918177,0.13247589897918174,0.14833063509857783,0.15774079114994746,0.004353328779770518,0.07969145335409125,0.1497102775325857,0.004851435553604745,0.19222000993588026,0.004152073054151314,0.004152073054151507,0.04535850411980381,0.0,0.0041520730541516485,0.0999235288335358,0.00415207305415062,1.9538190509926778e-16,0.004152073054151268,0.18387875681134486,0.07494389597686511,0.07626713703627275,0.013944984500795015,0.14719547455065288,0.09530398187166492,0.14226582847412136,0.09821457986048067,0.21541703293951045,0.2948899723923937,0.32139768262938895,0.18387875681134414,0.14226582847412084,0.3240895398961381,0.28158887450710013,0.26481929882911226,6.795779217139142e-16,0.15774079114994746,0.321397682629389,0.1483306350985767,0.07494389597686486,0.1471954745506535,0.00415207305415027,0.004152073054150114,0.21541703293951087,7.826378434216963e-16,0.13247589897918202,0.294889972392394,0.045358504119805555,0.07969145335409059,0.09992352883353592,0.132475898979182,0.09530398187166556,0.07626713703627395,0.0043533287797705615,0.21101285590266045,0.19222000993587923,0.004152073054151127,0.0048514355536057735,0.07969145335409067,0.0041520730541510465,0.09821457986048115,0.004152073054150771,0.1497102775325868,0.01394498450079501
19,0.3253940252423787,0.26572839430948053,0.2820627369631783,0.21187593049357556,0.07744048901221508,0.13013640856557696,0.1301364085655769,0.14899104267074956,0.15773100565513223,0.002764098411176264,0.07744048901221516,0.1503455134003435,0.008140005107518496,0.19278737273224192,3.603194131951426e-16,2.0415960588771042e-16,0.04574147992895676,0.0041520730541516485,0.0,0.10019648290733482,1.0455351862059815e-15,0.004152073054151672,4.2322048643406162e-16,0.18152063919175743,0.07116404903061531,0.07239961594770106,0.013489758435026877,0.14549003885487466,0.09417553239115878,0.13932315417229785,0.09720971457150954,0.21475156861211636,0.29363041233420684,0.3204693635060925,0.18152063919175707,0.13932315417229735,0.32539402524237815,0.2820627369631789,0.2657283943094805,0.004152073054151286,0.15773100565513207,0.3204693635060925,0.14899104267074814,0.07116404903061509,0.1454900388548753,1.3842052504209335e-15,1.5349874149528375e-15,0.2147515686121168,0.004152073054151488,0.130136408565577,0.2936304123342071,0.04574147992895778,0.07744048901221412,0.10019648290733452,0.13013640856557698,0.09417553239115951,0.07239961594770233,0.002764098411176793,0.21187593049357417,0.19278737273224053,5.831272964496037e-16,0.008140005107519187,0.07744048901221416,6.359669735278573e-16,0.0972097145715099,8.862702238765507e-16,0.1503455134003443,0.013489758435026889
20,0.2812754613117599,0.20308189044735844,0.22317125160247556,0.1360879284043099,0.027746544842554063,0.06429065544684766,0.06429065544684763,0.05883225300032741,0.06869304194713355,0.09745361743523583,0.027746544842553983,0.22480046027437622,0.10428842293335652,0.11059863162029332,0.10019648290733509,0.10019648290733485,0.141823314830819,0.0999235288335358,0.10019648290733482,0.0,0.10019648290733574,0.09992352883353578,0.1001964829073351,0.10551060125759747,0.03274619053487207,0.031221858214138316,0.11247333525748857,0.06051178794826337,0.0066872532322777515,0.05920607121591984,0.0032144681042420792,0.14174723193885372,0.24388770466067766,0.279660193471041,0.10551060125759655,0.059206071215919,0.2812754613117594,0.22317125160247656,0.2030818904473586,0.09992352883353561,0.06869304194713353,0.2796601934710407,0.05883225300032606,0.032746190534872155,0.060511787948263826,0.10019648290733577,0.10019648290733589,0.14174723193885405,0.09992352883353586,0.06429065544684813,0.24388770466067788,0.14182331483082014,0.02774654484255512,4.2131229061048715e-16,0.0642906554468481,0.006687253232276905,0.031221858214136658,0.09745361743523585,0.13608792840430856,0.11059863162029236,0.10019648290733492,0.1042884229333575,0.027746544842555013,0.10019648290733503,0.003214468104241695,0.1001964829073353,0.22480046027437706,0.11247333525748857
21,0.32539402524237926,0.26572839430948125,0.28206273696317896,0.21187593049357636,0.07744048901221603,0.13013640856557776,0.13013640856557773,0.14899104267075056,0.15773100565513315,0.002764098411175566,0.07744048901221617,0.15034551340034252,0.008140005107517473,0.19278737273224278,8.192405087648069e-16,9.416079027602108e-16,0.04574147992895574,0.00415207305415062,1.0455351862059815e-15,0.10019648290733574,0.0,0.004152073054150646,7.144979052853273e-16,0.18152063919175837,0.0711640490306163,0.07239961594770207,0.013489758435025846,0.14549003885487571,0.09417553239115975,0.13932315417229874,0.09720971457151055,0.21475156861211725,0.2936304123342075,0.32046936350609323,0.18152063919175784,0.13932315417229835,0.3253940252423787,0.2820627369631796,0.2657283943094813,0.004152073054150259,0.15773100565513298,0.3204693635060931,0.14899104267074903,0.07116404903061606,0.1454900388548763,5.253263102300565e-16,5.893723009631202e-16,0.2147515686121177,0.00415207305415046,0.1301364085655779,0.29363041233420767,0.04574147992895676,0.07744048901221501,0.10019648290733546,0.13013640856557784,0.09417553239116057,0.07239961594770332,0.0027640984111760945,0.2118759304935751,0.19278737273224142,8.82210970942765e-16,0.008140005107518162,0.0774404890122151,8.667719320065715e-16,0.09720971457151087,6.535570695742621e-16,0.1503455134003433,0.013489758435025851
22,0.3240895398961384,0.26481929882911176,0.28158887450709935,0.21101285590266156,0.07969145335409118,0.13247589897918177,0.13247589897918174,0.1483306350985778,0.15774079114994746,0.004353328779770536,0.0796914533540913,0.1497102775325857,0.004851435553604739,0.19222000993588031,0.004152073054151337,0.004152073054151534,0.04535850411980381,1.9538190509926778e-16,0.004152073054151672,0.09992352883353578,0.004152073054150646,0.0,0.00415207305415129,0.18387875681134486,0.07494389597686513,0.07626713703627275,0.013944984500795012,0.14719547455065288,0.09530398187166494,0.14226582847412136,0.09821457986048063,0.21541703293951045,0.29488997239239373,0.321397682629389,0.1838787568113441,0.14226582847412086,0.32408953989613815,0.28158887450710013,0.26481929882911237,7.275083313551534e-16,0.15774079114994743,0.32139768262938906,0.14833063509857664,0.07494389597686495,0.14719547455065343,0.004152073054150298,0.004152073054150141,0.21541703293951092,8.1502513071818325e-16,0.1324758989791821,0.294889972392394,0.04535850411980555,0.07969145335409061,0.09992352883353592,0.13247589897918205,0.09530398187166556,0.07626713703627398,0.004353328779770576,0.21101285590266053,0.19222000993587926,0.004152073054151154,0.004851435553605765,0.07969145335409071,0.004152073054151072,0.09821457986048117,0.004152073054150795,0.14971027753258687,0.013944984500795012
23,0.325394025242379,0.26572839430948075,0.2820627369631786,0.2118759304935759,0.07744048901221538,0.13013640856557726,0.1301364085655772,0.14899104267074983,0.15773100565513246,0.0027640984111759197,0.07744048901221548,0.15034551340034316,0.008140005107518118,0.1927873727322422,3.759839661832132e-16,3.47499806707674e-16,0.045741479928956406,0.004152073054151268,4.2322048643406162e-16,0.1001964829073351,7.144979052853273e-16,0.00415207305415129,0.0,0.18152063919175773,0.07116404903061566,0.0723996159477014,0.013489758435026564,0.145490038854875,0.09417553239115911,0.1393231541722981,0.09720971457150986,0.21475156861211653,0.293630412334207,0.3204693635060928,0.18152063919175723,0.1393231541722977,0.3253940252423784,0.2820627369631792,0.2657283943094808,0.004152073054150904,0.15773100565513232,0.3204693635060928,0.1489910426707484,0.07116404903061542,0.14549003885487566,1.00449162876437e-15,1.156418710790419e-15,0.21475156861211708,0.004152073054151104,0.1301364085655773,0.2936304123342073,0.04574147992895741,0.07744048901221437,0.10019648290733484,0.13013640856557723,0.09417553239115987,0.07239961594770261,0.002764098411176452,0.21187593049357445,0.19278737273224084,4.4391573750246495e-16,0.00814000510751881,0.07744048901221447,5.00606500697387e-16,0.0972097145715102,5.874294106700262e-16,0.15034551340034397,0.013489758435026554
24,0.2347614624046409,0.13014447666815948,0.15481523627705937,0.04458662514669611,0.12626359515310576,0.07432546551567314,0.07432546551567315,0.05258146458658059,0.04775183564043003,0.18014396506672867,0.12626359515310562,0.2816830665004806,0.18761473477100513,0.012328679249201929,0.18152063919175782,0.18152063919175757,0.22126077886646292,0.18387875681134486,0.18152063919175743,0.10551060125759747,0.18152063919175837,0.18387875681134486,0.18152063919175773,0.0,0.12946425450963617,0.12799702331225526,0.19275570523407823,0.050520641572842424,0.1079689144282398,0.05594333754090623,0.10547317534378055,0.04856951085265127,0.17938753068180638,0.22973007897066708,1.184677356214081e-15,0.05594333754090654,0.23476146240464035,0.15481523627706006,0.13014447666815954,0.1838787568113445,0.0477518356404299,0.22973007897066694,0.05258146458658147,0.1294642545096363,0.05052064157284196,0.18152063919175834,0.1815206391917585,0.04856951085265179,0.18387875681134463,0.07432546551567314,0.17938753068180663,0.22126077886646375,0.12626359515310656,0.10551060125759733,0.0743254655156732,0.10796891442823918,0.12799702331225382,0.1801439650667287,0.04458662514669453,0.012328679249200334,0.18152063919175768,0.18761473477100588,0.12626359515310642,0.18152063919175773,0.10547317534378006,0.18152063919175787,0.28168306650048136,0.19275570523407803
25,0.3096582383515615,0.23196897883256806,0.2517086968102957,0.1653909809989376,0.006877578211186861,0.06858974995210301,0.06858974995210296,0.08979586380683185,0.09942359930468153,0.07210061736388466,0.006877578211186952,0.20133823860532185,0.07811383689552817,0.14117813160100787,0.07116404903061561,0.07116404903061543,0.11259667958418683,0.07494389597686511,0.07116404903061531,0.03274619053487207,0.0711640490306163,0.07494389597686513,0.07116404903061566,0.12946425450963617,0.0,0.0017034446372950185,0.08215416232463413,0.08635596708390436,0.026152078473144505,0.07999455731767993,0.029567619348177948,0.1688327262907353,0.26845099229130875,0.3046814414106214,0.12946425450963553,0.0799945573176795,0.309658238351561,0.2517086968102964,0.23196897883256792,0.07494389597686477,0.09942359930468139,0.30468144141062137,0.08979586380683027,4.626680982777742e-16,0.08635596708390512,0.07116404903061643,0.07116404903061664,0.1688327262907358,0.07494389597686497,0.06858974995210299,0.26845099229130903,0.11259667958418777,0.006877578211185767,0.032746190534871884,0.06858974995210294,0.026152078473145365,0.0017034446372964866,0.07210061736388478,0.1653909809989362,0.1411781316010064,0.0711640490306157,0.07811383689552874,0.006877578211185872,0.0711640490306157,0.029567619348178323,0.07116404903061596,0.20133823860532268,0.08215416232463407
26,0.3083391374695297,0.23061587932957178,0.2503646585763992,0.1639984197513721,0.0054633215688895806,0.06743496544229313,0.0674349654422931,0.08833715161946368,0.09796488711731335,0.07325902068408324,0.005463321568889674,0.20249245485828546,0.07958464911028856,0.13975660725338124,0.07239961594770145,0.07239961594770121,0.11402785696230566,0.07626713703627275,0.07239961594770106,0.031221858214138316,0.07239961594770207,0.07626713703627275,0.0723996159477014,0.12799702331225526,0.0017034446372950185,0.0,0.08357500815137986,0.08489725489653628,0.024627746152410736,0.07843953833740865,0.028043287027444175,0.16744016504316966,0.26711773531468586,0.30336234052859007,0.1279970233122547,0.07843953833740815,0.30833913746952957,0.2503646585763999,0.2306158793295719,0.0762671370362724,0.0979648871173131,0.3033623405285899,0.08833715161946207,0.0017034446372952063,0.08489725489653693,0.07239961594770226,0.07239961594770238,0.1674401650431703,0.07626713703627257,0.06743496544229316,0.26711773531468613,0.11402785696230666,0.005463321568888497,0.031221858214138115,0.06743496544229313,0.024627746152411575,1.686047135240898e-15,0.07325902068408334,0.16399841975137064,0.1397566072533797,0.07239961594770143,0.07958464911028915,0.005463321568888604,0.07239961594770156,0.02804328702744453,0.07239961594770178,0.2024924548582862,0.08357500815137969
27,0.3354584392065169,0.27615801500584825,0.292412343215621,0.2227992529932555,0.08722104843354705,0.13760728547625778,0.13760728547625778,0.16061617074491374,0.16927245135613034,0.01624597701642295,0.08722104843354715,0.13988407706037712,0.009130304715311486,0.20391049151211665,0.013489758435026542,0.013489758435026769,0.032656008421254344,0.013944984500795015,0.013489758435026877,0.11247333525748857,0.013489758435025846,0.013944984500795012,0.013489758435026564,0.19275570523407823,0.08215416232463413,0.08357500815137986,0.0,0.15711516692903896,0.10646689868775303,0.15089442805027287,0.10950108086810374,0.22567489111179603,0.30385387760081584,0.33053377747023094,0.19275570523407748,0.15089442805027262,0.33545843920651663,0.29241234321562165,0.27615801500584825,0.013944984500794568,0.16927245135613006,0.3305337774702307,0.16061617074491238,0.0821541623246341,0.15711516692903957,0.013489758435025851,0.013489758435025702,0.2256748911117966,0.013944984500794337,0.13760728547625772,0.30385387760081606,0.03265600842125537,0.08722104843354579,0.11247333525748841,0.1376072854762577,0.10646689868775384,0.08357500815138134,0.016245977016422983,0.22279925299325407,0.2039104915121152,0.013489758435026717,0.009130304715309984,0.08722104843354588,0.013489758435026615,0.1095010808681041,0.013489758435026361,0.1398840770603779,4.547404119925602e-16
28,0.26041068636442033,0.1676770531567835,0.19016180014822276,0.09025951505444256,0.08270356236602215,0.025100791126212166,0.025100791126212187,0.0037606411515332394,0.013607421003685194,0.14332063946474588,0.08270356236602205,0.2569878293007837,0.15115299996342546,0.061430391464493576,0.14549003885487502,0.14549003885487483,0.1860810015886069,0.14719547455065288,0.14549003885487466,0.06051178794826337,0.14549003885487571,0.14719547455065288,0.145490038854875,0.050520641572842424,0.08635596708390436,0.08489725489653628,0.15711516692903896,0.0,0.06311124524256838,0.006741210222438319,0.06047473141108622,0.09404212326487268,0.21129571445538362,0.2554034984091471,0.05052064157284138,0.006741210222438714,0.2604106863644201,0.1901618001482236,0.1676770531567832,0.14719547455065268,0.013607421003684972,0.25540349840914706,0.0037606411515338635,0.0863559670839045,7.542230728851961e-16,0.14549003885487563,0.14549003885487577,0.09404212326487313,0.14719547455065285,0.02510079112621224,0.2112957144553838,0.18608100158860794,0.08270356236602307,0.06051178794826318,0.025100791126212295,0.06311124524256784,0.08489725489653473,0.14332063946474588,0.090259515054441,0.061430391464492064,0.14549003885487485,0.15115299996342615,0.08270356236602291,0.14549003885487496,0.06047473141108567,0.14549003885487521,0.25698782930078434,0.15711516692903882
29,0.28679362629873123,0.20852278783688194,0.22841480088072566,0.14129669343709578,0.021868437703385556,0.06421722203791722,0.06421722203791719,0.06465286161399972,0.07436417003830047,0.09143075354146309,0.021868437703385465,0.2208332772040265,0.09960152058590178,0.11671926177936078,0.09417553239115911,0.09417553239115888,0.1363712748752281,0.09530398187166492,0.09417553239115878,0.0066872532322777515,0.09417553239115975,0.09530398187166494,0.09417553239115911,0.1079689144282398,0.026152078473144505,0.024627746152410736,0.10646689868775303,0.06311124524256838,0.0,0.06067517591798992,0.003472785128035674,0.144872327411085,0.24651129301216865,0.2824298047428427,0.10796891442823883,0.06067517591798906,0.2867936262987308,0.2284148008807264,0.2085227878368818,0.09530398187166474,0.07436417003830026,0.28242980474284246,0.06465286161399805,0.02615207847314457,0.0631112452425689,0.09417553239115974,0.09417553239115982,0.14487232741108538,0.09530398187166494,0.06421722203791759,0.24651129301216898,0.13637127487522918,0.021868437703386475,0.006687253232277551,0.06421722203791753,8.672750018146047e-16,0.02462774615240907,0.09143075354146302,0.1412966934370944,0.11671926177935936,0.09417553239115889,0.09960152058590255,0.02186843770338636,0.09417553239115904,0.0034727851280360583,0.09417553239115925,0.220833277204027,0.10646689868775291
